
 Phase Region for:
     CEMENTITE                     
     FCC_A1#1                      
 col-1=T, col-2=W(CEMENTITE,C), col-3=W(CEMENTITE,CR), col-4=W(CEMENTITE,FE),
   col-5=W(CEMENTITE,MN), col-6=W(CEMENTITE,MO), col-7=W(CEMENTITE,NI),
   col-8=W(CEMENTITE,SI), col-9=W(FCC_A1#1,C), col-10=W(FCC_A1#1,CR),
   col-11=W(FCC_A1#1,FE), col-12=W(FCC_A1#1,MN), col-13=W(FCC_A1#1,MO),
   col-14=W(FCC_A1#1,NI), col-15=W(FCC_A1#1,SI),
   1.13800E+03   6.72809E-02   8.72135E-02   8.28205E-01   1.49203E-02 
    2.19628E-03   1.84404E-04   0.00000E+00   8.65254E-03   1.24154E-02 
    9.49737E-01   9.41720E-03   4.41719E-04   1.33833E-03   1.79978E-02
   1.14300E+03   6.72805E-02   8.70939E-02   8.28386E-01   1.48662E-02 
    2.18722E-03   1.86405E-04   0.00000E+00   8.79498E-03   1.26009E-02 
    9.49436E-01   9.43230E-03   4.46270E-04   1.33546E-03   1.79541E-02
   1.14800E+03   6.72801E-02   8.69732E-02   8.28567E-01   1.48130E-02 
    2.17815E-03   1.88412E-04   0.00000E+00   8.93868E-03   1.27875E-02 
    9.49133E-01   9.44720E-03   4.50813E-04   1.33258E-03   1.79100E-02
   1.15300E+03   6.72797E-02   8.68513E-02   8.28749E-01   1.47606E-02 
    2.16907E-03   1.90425E-04   0.00000E+00   9.08363E-03   1.29751E-02 
    9.48829E-01   9.46194E-03   4.55347E-04   1.32968E-03   1.78655E-02
   1.15800E+03   6.72792E-02   8.67283E-02   8.28931E-01   1.47091E-02 
    2.15997E-03   1.92444E-04   0.00000E+00   9.22984E-03   1.31636E-02 
    9.48523E-01   9.47649E-03   4.59872E-04   1.32677E-03   1.78206E-02
   1.16300E+03   6.72788E-02   8.66042E-02   8.29113E-01   1.46585E-02 
    2.15087E-03   1.94470E-04   0.00000E+00   9.37731E-03   1.33532E-02 
    9.48215E-01   9.49088E-03   4.64387E-04   1.32385E-03   1.77754E-02
   1.16800E+03   6.72784E-02   8.64790E-02   8.29296E-01   1.46086E-02 
    2.14175E-03   1.96501E-04   0.00000E+00   9.52605E-03   1.35437E-02 
    9.47906E-01   9.50510E-03   4.68892E-04   1.32091E-03   1.77297E-02
   1.17300E+03   6.72780E-02   8.63529E-02   8.29478E-01   1.45596E-02 
    2.13262E-03   1.98538E-04   0.00000E+00   9.67606E-03   1.37352E-02 
    9.47595E-01   9.51915E-03   4.73386E-04   1.31796E-03   1.76836E-02
   1.17800E+03   6.72775E-02   8.62257E-02   8.29661E-01   1.45114E-02 
    2.12349E-03   2.00581E-04   0.00000E+00   9.82733E-03   1.39276E-02 
    9.47282E-01   9.53304E-03   4.77867E-04   1.31499E-03   1.76372E-02
   1.18300E+03   6.72771E-02   8.60976E-02   8.29844E-01   1.44640E-02 
    2.11434E-03   2.02630E-04   0.00000E+00   9.97988E-03   1.41210E-02 
    9.46968E-01   9.54678E-03   4.82337E-04   1.31201E-03   1.75904E-02
   1.18800E+03   6.72766E-02   8.59685E-02   8.30028E-01   1.44174E-02 
    2.10519E-03   2.04684E-04   0.00000E+00   1.01337E-02   1.43153E-02 
    9.46652E-01   9.56037E-03   4.86794E-04   1.30901E-03   1.75432E-02
   1.19300E+03   6.72762E-02   8.58385E-02   8.30211E-01   1.43716E-02 
    2.09603E-03   2.06744E-04   0.00000E+00   1.02888E-02   1.45105E-02 
    9.46334E-01   9.57380E-03   4.91237E-04   1.30600E-03   1.74955E-02
   1.19800E+03   6.72757E-02   8.57077E-02   8.30394E-01   1.43266E-02 
    2.08686E-03   2.08810E-04   0.00000E+00   1.04452E-02   1.47066E-02 
    9.46015E-01   9.58709E-03   4.95666E-04   1.30298E-03   1.74475E-02
   1.20291E+03   6.72753E-02   8.55784E-02   8.30574E-01   1.42832E-02 
    2.07786E-03   2.10843E-04   0.00000E+00   1.06000E-02   1.49000E-02 
    9.45700E-01   9.60000E-03   5.00000E-04   1.30000E-03   1.74000E-02

 Phase Region for:
     FCC_A1#1                      
 col-1=T, col-2=W(FCC_A1#1,C), col-3=W(FCC_A1#1,CR), col-4=W(FCC_A1#1,FE),
   col-5=W(FCC_A1#1,MN), col-6=W(FCC_A1#1,MO), col-7=W(FCC_A1#1,NI),
   col-8=W(FCC_A1#1,SI),
   1.20291E+03   1.06000E-02   1.49000E-02   9.45700E-01   9.60000E-03 
    5.00000E-04   1.30000E-03   1.74000E-02
   1.20300E+03   1.06000E-02   1.49000E-02   9.45700E-01   9.60000E-03 
    5.00000E-04   1.30000E-03   1.74000E-02
   1.20800E+03   1.06000E-02   1.49000E-02   9.45700E-01   9.60000E-03 
    5.00000E-04   1.30000E-03   1.74000E-02
   1.21300E+03   1.06000E-02   1.49000E-02   9.45700E-01   9.60000E-03 
    5.00000E-04   1.30000E-03   1.74000E-02
   1.21800E+03   1.06000E-02   1.49000E-02   9.45700E-01   9.60000E-03 
    5.00000E-04   1.30000E-03   1.74000E-02
   1.22300E+03   1.06000E-02   1.49000E-02   9.45700E-01   9.60000E-03 
    5.00000E-04   1.30000E-03   1.74000E-02
   1.22800E+03   1.06000E-02   1.49000E-02   9.45700E-01   9.60000E-03 
    5.00000E-04   1.30000E-03   1.74000E-02
   1.23300E+03   1.06000E-02   1.49000E-02   9.45700E-01   9.60000E-03 
    5.00000E-04   1.30000E-03   1.74000E-02
   1.23800E+03   1.06000E-02   1.49000E-02   9.45700E-01   9.60000E-03 
    5.00000E-04   1.30000E-03   1.74000E-02
   1.24300E+03   1.06000E-02   1.49000E-02   9.45700E-01   9.60000E-03 
    5.00000E-04   1.30000E-03   1.74000E-02
   1.24800E+03   1.06000E-02   1.49000E-02   9.45700E-01   9.60000E-03 
    5.00000E-04   1.30000E-03   1.74000E-02
   1.25300E+03   1.06000E-02   1.49000E-02   9.45700E-01   9.60000E-03 
    5.00000E-04   1.30000E-03   1.74000E-02
   1.25800E+03   1.06000E-02   1.49000E-02   9.45700E-01   9.60000E-03 
    5.00000E-04   1.30000E-03   1.74000E-02
   1.26300E+03   1.06000E-02   1.49000E-02   9.45700E-01   9.60000E-03 
    5.00000E-04   1.30000E-03   1.74000E-02
   1.26800E+03   1.06000E-02   1.49000E-02   9.45700E-01   9.60000E-03 
    5.00000E-04   1.30000E-03   1.74000E-02
   1.27300E+03   1.06000E-02   1.49000E-02   9.45700E-01   9.60000E-03 
    5.00000E-04   1.30000E-03   1.74000E-02
   1.27800E+03   1.06000E-02   1.49000E-02   9.45700E-01   9.60000E-03 
    5.00000E-04   1.30000E-03   1.74000E-02
   1.28300E+03   1.06000E-02   1.49000E-02   9.45700E-01   9.60000E-03 
    5.00000E-04   1.30000E-03   1.74000E-02
   1.28800E+03   1.06000E-02   1.49000E-02   9.45700E-01   9.60000E-03 
    5.00000E-04   1.30000E-03   1.74000E-02
   1.29300E+03   1.06000E-02   1.49000E-02   9.45700E-01   9.60000E-03 
    5.00000E-04   1.30000E-03   1.74000E-02
   1.29800E+03   1.06000E-02   1.49000E-02   9.45700E-01   9.60000E-03 
    5.00000E-04   1.30000E-03   1.74000E-02
   1.30300E+03   1.06000E-02   1.49000E-02   9.45700E-01   9.60000E-03 
    5.00000E-04   1.30000E-03   1.74000E-02
   1.30800E+03   1.06000E-02   1.49000E-02   9.45700E-01   9.60000E-03 
    5.00000E-04   1.30000E-03   1.74000E-02
   1.31300E+03   1.06000E-02   1.49000E-02   9.45700E-01   9.60000E-03 
    5.00000E-04   1.30000E-03   1.74000E-02
   1.31800E+03   1.06000E-02   1.49000E-02   9.45700E-01   9.60000E-03 
    5.00000E-04   1.30000E-03   1.74000E-02
   1.32300E+03   1.06000E-02   1.49000E-02   9.45700E-01   9.60000E-03 
    5.00000E-04   1.30000E-03   1.74000E-02
   1.32800E+03   1.06000E-02   1.49000E-02   9.45700E-01   9.60000E-03 
    5.00000E-04   1.30000E-03   1.74000E-02
   1.33300E+03   1.06000E-02   1.49000E-02   9.45700E-01   9.60000E-03 
    5.00000E-04   1.30000E-03   1.74000E-02
   1.33800E+03   1.06000E-02   1.49000E-02   9.45700E-01   9.60000E-03 
    5.00000E-04   1.30000E-03   1.74000E-02
   1.34300E+03   1.06000E-02   1.49000E-02   9.45700E-01   9.60000E-03 
    5.00000E-04   1.30000E-03   1.74000E-02
   1.34800E+03   1.06000E-02   1.49000E-02   9.45700E-01   9.60000E-03 
    5.00000E-04   1.30000E-03   1.74000E-02
   1.35300E+03   1.06000E-02   1.49000E-02   9.45700E-01   9.60000E-03 
    5.00000E-04   1.30000E-03   1.74000E-02
   1.35800E+03   1.06000E-02   1.49000E-02   9.45700E-01   9.60000E-03 
    5.00000E-04   1.30000E-03   1.74000E-02
   1.36300E+03   1.06000E-02   1.49000E-02   9.45700E-01   9.60000E-03 
    5.00000E-04   1.30000E-03   1.74000E-02
   1.36800E+03   1.06000E-02   1.49000E-02   9.45700E-01   9.60000E-03 
    5.00000E-04   1.30000E-03   1.74000E-02
   1.37300E+03   1.06000E-02   1.49000E-02   9.45700E-01   9.60000E-03 
    5.00000E-04   1.30000E-03   1.74000E-02
   1.37800E+03   1.06000E-02   1.49000E-02   9.45700E-01   9.60000E-03 
    5.00000E-04   1.30000E-03   1.74000E-02
   1.38300E+03   1.06000E-02   1.49000E-02   9.45700E-01   9.60000E-03 
    5.00000E-04   1.30000E-03   1.74000E-02
   1.38800E+03   1.06000E-02   1.49000E-02   9.45700E-01   9.60000E-03 
    5.00000E-04   1.30000E-03   1.74000E-02
   1.39300E+03   1.06000E-02   1.49000E-02   9.45700E-01   9.60000E-03 
    5.00000E-04   1.30000E-03   1.74000E-02
   1.39800E+03   1.06000E-02   1.49000E-02   9.45700E-01   9.60000E-03 
    5.00000E-04   1.30000E-03   1.74000E-02
   1.40000E+03   1.06000E-02   1.49000E-02   9.45700E-01   9.60000E-03 
    5.00000E-04   1.30000E-03   1.74000E-02

 Phase Region for:
     CEMENTITE                     
     FCC_A1#1                      
 col-1=T, col-2=W(CEMENTITE,C), col-3=W(CEMENTITE,CR), col-4=W(CEMENTITE,FE),
   col-5=W(CEMENTITE,MN), col-6=W(CEMENTITE,MO), col-7=W(CEMENTITE,NI),
   col-8=W(CEMENTITE,SI), col-9=W(FCC_A1#1,C), col-10=W(FCC_A1#1,CR),
   col-11=W(FCC_A1#1,FE), col-12=W(FCC_A1#1,MN), col-13=W(FCC_A1#1,MO),
   col-14=W(FCC_A1#1,NI), col-15=W(FCC_A1#1,SI),
   1.13800E+03   6.72809E-02   8.72135E-02   8.28205E-01   1.49203E-02 
    2.19628E-03   1.84404E-04   0.00000E+00   8.65254E-03   1.24154E-02 
    9.49737E-01   9.41720E-03   4.41719E-04   1.33833E-03   1.79978E-02
   1.13300E+03   6.72813E-02   8.73319E-02   8.28024E-01   1.49752E-02 
    2.20532E-03   1.82410E-04   0.00000E+00   8.51135E-03   1.22310E-02 
    9.50036E-01   9.40193E-03   4.37161E-04   1.34118E-03   1.80412E-02
   1.12800E+03   6.72817E-02   8.74490E-02   8.27843E-01   1.50311E-02 
    2.21435E-03   1.80422E-04   0.00000E+00   8.37142E-03   1.20476E-02 
    9.50334E-01   9.38646E-03   4.32596E-04   1.34402E-03   1.80841E-02
   1.12300E+03   6.72821E-02   8.75649E-02   8.27663E-01   1.50878E-02 
    2.22336E-03   1.78441E-04   0.00000E+00   8.23273E-03   1.18652E-02 
    9.50630E-01   9.37081E-03   4.28025E-04   1.34684E-03   1.81267E-02
   1.11800E+03   6.72825E-02   8.76795E-02   8.27484E-01   1.51455E-02 
    2.23236E-03   1.76466E-04   0.00000E+00   8.09529E-03   1.16840E-02 
    9.50924E-01   9.35495E-03   4.23449E-04   1.34965E-03   1.81689E-02
   1.11300E+03   6.72828E-02   8.77929E-02   8.27304E-01   1.52041E-02 
    2.24135E-03   1.74497E-04   0.00000E+00   7.95909E-03   1.15038E-02 
    9.51216E-01   9.33890E-03   4.18869E-04   1.35244E-03   1.82107E-02
   1.10800E+03   6.72832E-02   8.79049E-02   8.27125E-01   1.52636E-02 
    2.25031E-03   1.72536E-04   0.00000E+00   7.82413E-03   1.13248E-02 
    9.51507E-01   9.32264E-03   4.14284E-04   1.35521E-03   1.82521E-02
   1.10300E+03   6.72836E-02   8.80156E-02   8.26947E-01   1.53241E-02 
    2.25926E-03   1.70581E-04   0.00000E+00   7.69041E-03   1.11470E-02 
    9.51796E-01   9.30618E-03   4.09697E-04   1.35797E-03   1.82931E-02
   1.09800E+03   6.72840E-02   8.81249E-02   8.26769E-01   1.53855E-02 
    2.26819E-03   1.68633E-04   0.00000E+00   7.55793E-03   1.09702E-02 
    9.52083E-01   9.28951E-03   4.05106E-04   1.36072E-03   1.83338E-02
   1.09300E+03   6.72843E-02   8.82328E-02   8.26591E-01   1.54479E-02 
    2.27710E-03   1.66692E-04   0.00000E+00   7.42669E-03   1.07947E-02 
    9.52368E-01   9.27262E-03   4.00514E-04   1.36344E-03   1.83741E-02
   1.08800E+03   6.72847E-02   8.83393E-02   8.26414E-01   1.55113E-02 
    2.28599E-03   1.64758E-04   0.00000E+00   7.29668E-03   1.06203E-02 
    9.52651E-01   9.25552E-03   3.95921E-04   1.36616E-03   1.84140E-02
   1.08300E+03   6.72850E-02   8.84444E-02   8.26237E-01   1.55757E-02 
    2.29486E-03   1.62831E-04   0.00000E+00   7.16791E-03   1.04471E-02 
    9.52933E-01   9.23819E-03   3.91327E-04   1.36885E-03   1.84535E-02
   1.07800E+03   6.72854E-02   8.85480E-02   8.26061E-01   1.56411E-02 
    2.30371E-03   1.60912E-04   0.00000E+00   7.04037E-03   1.02752E-02 
    9.53213E-01   9.22064E-03   3.86733E-04   1.37153E-03   1.84927E-02
   1.07300E+03   6.72857E-02   8.86502E-02   8.25885E-01   1.57075E-02 
    2.31254E-03   1.58999E-04   0.00000E+00   6.91405E-03   1.01044E-02 
    9.53491E-01   9.20287E-03   3.82141E-04   1.37419E-03   1.85314E-02
   1.06800E+03   6.72860E-02   8.87509E-02   8.25710E-01   1.57749E-02 
    2.32134E-03   1.57094E-04   0.00000E+00   6.78896E-03   9.93496E-03 
    9.53767E-01   9.18486E-03   3.77550E-04   1.37684E-03   1.85698E-02
   1.06300E+03   6.72864E-02   8.88501E-02   8.25535E-01   1.58434E-02 
    2.33013E-03   1.55196E-04   0.00000E+00   6.66510E-03   9.76674E-03 
    9.54041E-01   9.16661E-03   3.72961E-04   1.37947E-03   1.86078E-02
   1.05800E+03   6.72867E-02   8.89478E-02   8.25360E-01   1.59130E-02 
    2.33888E-03   1.53306E-04   0.00000E+00   6.54247E-03   9.59979E-03 
    9.54314E-01   9.14813E-03   3.68376E-04   1.38208E-03   1.86455E-02
   1.05300E+03   6.72870E-02   8.90440E-02   8.25186E-01   1.59836E-02 
    2.34762E-03   1.51423E-04   0.00000E+00   6.42106E-03   9.43414E-03 
    9.54584E-01   9.12940E-03   3.63795E-04   1.38467E-03   1.86827E-02
   1.04800E+03   6.72873E-02   8.91386E-02   8.25013E-01   1.60553E-02 
    2.35632E-03   1.49548E-04   0.00000E+00   6.30087E-03   9.26979E-03 
    9.54853E-01   9.11043E-03   3.59218E-04   1.38725E-03   1.87196E-02
   1.04300E+03   6.72876E-02   8.92317E-02   8.24840E-01   1.61281E-02 
    2.36500E-03   1.47681E-04   0.00000E+00   6.18190E-03   9.10676E-03 
    9.55120E-01   9.09121E-03   3.54646E-04   1.38981E-03   1.87561E-02
   1.04039E+03   6.72878E-02   8.92796E-02   8.24750E-01   1.61665E-02 
    2.36952E-03   1.46710E-04   0.00000E+00   6.12038E-03   9.02232E-03 
    9.55258E-01   9.08110E-03   3.52266E-04   1.39114E-03   1.87750E-02

 Phase Region for:
     BCC_A2                        
     CEMENTITE                     
     FCC_A1#1                      
 col-1=T, col-2=W(BCC_A2,C), col-3=W(BCC_A2,CR), col-4=W(BCC_A2,FE),
   col-5=W(BCC_A2,MN), col-6=W(BCC_A2,MO), col-7=W(BCC_A2,NI),
   col-8=W(BCC_A2,SI), col-9=W(CEMENTITE,C), col-10=W(CEMENTITE,CR),
   col-11=W(CEMENTITE,FE), col-12=W(CEMENTITE,MN), col-13=W(CEMENTITE,MO),
   col-14=W(CEMENTITE,NI), col-15=W(CEMENTITE,SI), col-16=W(FCC_A1#1,C),
   col-17=W(FCC_A1#1,CR), col-18=W(FCC_A1#1,FE), col-19=W(FCC_A1#1,MN),
   col-20=W(FCC_A1#1,MO), col-21=W(FCC_A1#1,NI), col-22=W(FCC_A1#1,SI),
   1.04039E+03   1.81341E-04   5.34364E-03   9.65001E-01   3.61320E-03 
    4.12205E-04   7.06360E-04   2.47423E-02   6.72878E-02   8.92796E-02 
    8.24750E-01   1.61665E-02   2.36951E-03   1.46711E-04   0.00000E+00 
    6.12038E-03   9.02232E-03   9.55258E-01   9.08111E-03   3.52265E-04 
    1.39114E-03   1.87750E-02
   1.03800E+03   1.78307E-04   5.13260E-03   9.65624E-01   3.78853E-03 
    3.88796E-04   7.54365E-04   2.41331E-02   6.72815E-02   8.70682E-02 
    8.25963E-01   1.72867E-02   2.24379E-03   1.57162E-04   0.00000E+00 
    6.11588E-03   8.69765E-03   9.55467E-01   9.61120E-03   3.32560E-04 
    1.49683E-03   1.82789E-02
   1.03300E+03   1.71676E-04   4.73289E-03   9.66698E-01   4.21434E-03 
    3.48690E-04   8.78641E-04   2.29558E-02   6.72693E-02   8.28041E-02 
    8.27705E-01   2.00073E-02   2.02956E-03   1.84187E-04   0.00000E+00 
    6.09575E-03   8.07451E-03   9.55517E-01   1.09014E-02   2.98592E-04 
    1.77307E-03   1.73393E-02
   1.02800E+03   1.64582E-04   4.39231E-03   9.67417E-01   4.72543E-03 
    3.18131E-04   1.04514E-03   2.19373E-02   6.72591E-02   7.91209E-02 
    8.28249E-01   2.32820E-02   1.86834E-03   2.20297E-04   0.00000E+00 
    6.05781E-03   7.53283E-03   9.54973E-01   1.24597E-02   2.72428E-04 
    2.14895E-03   1.65557E-02
   1.02300E+03   1.57012E-04   4.11203E-03   9.67747E-01   5.31638E-03 
    2.95056E-04   1.26839E-03   2.11042E-02   6.72516E-02   7.61067E-02 
    8.27528E-01   2.70962E-02   1.74927E-03   2.68545E-04   0.00000E+00 
    5.99926E-03   7.07645E-03   9.53778E-01   1.42827E-02   2.52400E-04 
    2.66252E-03   1.59486E-02
   1.01928E+03   1.51116E-04   3.94061E-03   9.67740E-01   5.79563E-03 
    2.81791E-04   1.48178E-03   2.06095E-02   6.72478E-02   7.43155E-02 
    8.26214E-01   3.02251E-02   1.68300E-03   3.14519E-04   0.00000E+00 
    5.94178E-03   6.79033E-03   9.52466E-01   1.57853E-02   2.40727E-04 
    3.16261E-03   1.56133E-02

 Phase Region for:
     BCC_A2                        
     CEMENTITE                     
 col-1=T, col-2=W(BCC_A2,C), col-3=W(BCC_A2,CR), col-4=W(BCC_A2,FE),
   col-5=W(BCC_A2,MN), col-6=W(BCC_A2,MO), col-7=W(BCC_A2,NI),
   col-8=W(BCC_A2,SI), col-9=W(CEMENTITE,C), col-10=W(CEMENTITE,CR),
   col-11=W(CEMENTITE,FE), col-12=W(CEMENTITE,MN), col-13=W(CEMENTITE,MO),
   col-14=W(CEMENTITE,NI), col-15=W(CEMENTITE,SI),
   1.01928E+03   1.51116E-04   3.94061E-03   9.67740E-01   5.79563E-03 
    2.81791E-04   1.48178E-03   2.06095E-02   6.72478E-02   7.43155E-02 
    8.26214E-01   3.02251E-02   1.68300E-03   3.14519E-04   0.00000E+00
   1.01800E+03   1.48985E-04   3.92176E-03   9.67781E-01   5.77502E-03 
    2.81295E-04   1.48181E-03   2.06101E-02   6.72483E-02   7.44061E-02 
    8.26013E-01   3.03328E-02   1.68546E-03   3.14537E-04   0.00000E+00
   1.01300E+03   1.40895E-04   3.84790E-03   9.67945E-01   5.69248E-03 
    2.79337E-04   1.48192E-03   2.06125E-02   6.72503E-02   7.47622E-02 
    8.25213E-01   3.07646E-02   1.69519E-03   3.14664E-04   0.00000E+00
   1.00800E+03   1.33184E-04   3.77362E-03   9.68114E-01   5.60550E-03 
    2.77335E-04   1.48200E-03   2.06147E-02   6.72523E-02   7.51222E-02 
    8.24385E-01   3.12205E-02   1.70519E-03   3.14933E-04   0.00000E+00
   1.00300E+03   1.25820E-04   3.69573E-03   9.68307E-01   5.49772E-03 
    2.75162E-04   1.48193E-03   2.06169E-02   6.72545E-02   7.55036E-02 
    8.23421E-01   3.17891E-02   1.71614E-03   3.15935E-04   0.00000E+00
   9.98000E+02   1.18825E-04   3.61857E-03   9.68498E-01   5.39094E-03 
    2.72986E-04   1.48187E-03   2.06189E-02   6.72567E-02   7.58825E-02 
    8.22464E-01   3.23524E-02   1.72714E-03   3.16896E-04   0.00000E+00
   9.93000E+02   1.12182E-04   3.54215E-03   9.68687E-01   5.28515E-03 
    2.70806E-04   1.48181E-03   2.06208E-02   6.72589E-02   7.62591E-02 
    8.21516E-01   3.29103E-02   1.73819E-03   3.17817E-04   0.00000E+00
   9.88000E+02   1.05875E-04   3.46647E-03   9.68874E-01   5.18037E-03 
    2.68622E-04   1.48175E-03   2.06226E-02   6.72610E-02   7.66332E-02 
    8.20575E-01   3.34630E-02   1.74928E-03   3.18701E-04   0.00000E+00
   9.83000E+02   9.98884E-05   3.39151E-03   9.69060E-01   5.07658E-03 
    2.66433E-04   1.48168E-03   2.06244E-02   6.72632E-02   7.70048E-02 
    8.19642E-01   3.40103E-02   1.76043E-03   3.19549E-04   0.00000E+00
   9.78000E+02   9.42067E-05   3.31728E-03   9.69243E-01   4.97379E-03 
    2.64237E-04   1.48163E-03   2.06260E-02   6.72653E-02   7.73739E-02 
    8.18716E-01   3.45525E-02   1.77164E-03   3.20362E-04   0.00000E+00
   9.73000E+02   8.88159E-05   3.24378E-03   9.69424E-01   4.87199E-03 
    2.62036E-04   1.48157E-03   2.06275E-02   6.72674E-02   7.77405E-02 
    8.17799E-01   3.50894E-02   1.78290E-03   3.21141E-04   0.00000E+00
   9.68000E+02   8.37023E-05   3.17100E-03   9.69604E-01   4.77119E-03 
    2.59826E-04   1.48151E-03   2.06290E-02   6.72695E-02   7.81044E-02 
    8.16889E-01   3.56211E-02   1.79423E-03   3.21887E-04   0.00000E+00
   9.63000E+02   7.88531E-05   3.09895E-03   9.69781E-01   4.67139E-03 
    2.57609E-04   1.48146E-03   2.06303E-02   6.72715E-02   7.84656E-02 
    8.15987E-01   3.61477E-02   1.80562E-03   3.22602E-04   0.00000E+00
   9.58000E+02   7.42557E-05   3.02764E-03   9.69957E-01   4.57257E-03 
    2.55384E-04   1.48140E-03   2.06316E-02   6.72735E-02   7.88241E-02 
    8.15093E-01   3.66691E-02   1.81708E-03   3.23287E-04   0.00000E+00
   9.53000E+02   6.98984E-05   2.95706E-03   9.70131E-01   4.47475E-03 
    2.53149E-04   1.48135E-03   2.06329E-02   6.72755E-02   7.91798E-02 
    8.14207E-01   3.71853E-02   1.82861E-03   3.23943E-04   0.00000E+00
   9.48000E+02   6.57698E-05   2.88721E-03   9.70303E-01   4.37793E-03 
    2.50905E-04   1.48130E-03   2.06340E-02   6.72775E-02   7.95326E-02 
    8.13329E-01   3.76964E-02   1.84021E-03   3.24570E-04   0.00000E+00
   9.43000E+02   6.18591E-05   2.81812E-03   9.70473E-01   4.28210E-03 
    2.48651E-04   1.48125E-03   2.06351E-02   6.72795E-02   7.98825E-02 
    8.12459E-01   3.82024E-02   1.85188E-03   3.25169E-04   0.00000E+00
   9.38000E+02   5.81559E-05   2.74977E-03   9.70641E-01   4.18727E-03 
    2.46386E-04   1.48120E-03   2.06361E-02   6.72814E-02   8.02294E-02 
    8.11597E-01   3.87032E-02   1.86363E-03   3.25743E-04   0.00000E+00
   9.33000E+02   5.46504E-05   2.68218E-03   9.70807E-01   4.09344E-03 
    2.44110E-04   1.48115E-03   2.06371E-02   6.72834E-02   8.05732E-02 
    8.10743E-01   3.91988E-02   1.87546E-03   3.26291E-04   0.00000E+00
   9.28000E+02   5.13332E-05   2.61535E-03   9.70972E-01   4.00062E-03 
    2.41823E-04   1.48110E-03   2.06380E-02   6.72853E-02   8.09139E-02 
    8.09897E-01   3.96894E-02   1.88736E-03   3.26813E-04   0.00000E+00
   9.23000E+02   4.81952E-05   2.54930E-03   9.71134E-01   3.90879E-03 
    2.39524E-04   1.48106E-03   2.06389E-02   6.72871E-02   8.12513E-02 
    8.09060E-01   4.01747E-02   1.89935E-03   3.27312E-04   0.00000E+00
   9.18000E+02   4.52277E-05   2.48402E-03   9.71295E-01   3.81798E-03 
    2.37212E-04   1.48101E-03   2.06397E-02   6.72890E-02   8.15854E-02 
    8.08232E-01   4.06548E-02   1.91142E-03   3.27788E-04   0.00000E+00
   9.13000E+02   4.24226E-05   2.41954E-03   9.71454E-01   3.72818E-03 
    2.34888E-04   1.48097E-03   2.06404E-02   6.72908E-02   8.19161E-02 
    8.07412E-01   4.11298E-02   1.92356E-03   3.28240E-04   0.00000E+00
   9.08000E+02   3.97720E-05   2.35584E-03   9.71610E-01   3.63940E-03 
    2.32552E-04   1.48093E-03   2.06411E-02   6.72926E-02   8.22433E-02 
    8.06600E-01   4.15995E-02   1.93580E-03   3.28671E-04   0.00000E+00
   9.03000E+02   3.72683E-05   2.29296E-03   9.71765E-01   3.55164E-03 
    2.30202E-04   1.48089E-03   2.06418E-02   6.72944E-02   8.25670E-02 
    8.05797E-01   4.20640E-02   1.94811E-03   3.29080E-04   0.00000E+00
   8.98000E+02   3.49044E-05   2.23089E-03   9.71918E-01   3.46491E-03 
    2.27839E-04   1.48085E-03   2.06424E-02   6.72961E-02   8.28870E-02 
    8.05004E-01   4.25231E-02   1.96051E-03   3.29469E-04   0.00000E+00
   8.93000E+02   3.26733E-05   2.16964E-03   9.72069E-01   3.37921E-03 
    2.25462E-04   1.48082E-03   2.06430E-02   6.72978E-02   8.32033E-02 
    8.04219E-01   4.29770E-02   1.97300E-03   3.29836E-04   0.00000E+00
   8.88000E+02   3.05685E-05   2.10923E-03   9.72218E-01   3.29456E-03 
    2.23072E-04   1.48078E-03   2.06436E-02   6.72995E-02   8.35159E-02 
    8.03443E-01   4.34254E-02   1.98558E-03   3.30184E-04   0.00000E+00
   8.83000E+02   2.85836E-05   2.04966E-03   9.72365E-01   3.21095E-03 
    2.20667E-04   1.48075E-03   2.06441E-02   6.73012E-02   8.38245E-02 
    8.02677E-01   4.38685E-02   1.99824E-03   3.30512E-04   0.00000E+00
   8.78000E+02   2.67128E-05   1.99094E-03   9.72510E-01   3.12840E-03 
    2.18249E-04   1.48072E-03   2.06446E-02   6.73028E-02   8.41292E-02 
    8.01920E-01   4.43061E-02   2.01098E-03   3.30821E-04   0.00000E+00
   8.73000E+02   2.49501E-05   1.93308E-03   9.72654E-01   3.04691E-03 
    2.15817E-04   1.48069E-03   2.06450E-02   6.73044E-02   8.44299E-02 
    8.01172E-01   4.47383E-02   2.02382E-03   3.31112E-04   0.00000E+00
   8.68000E+02   2.32902E-05   1.87609E-03   9.72795E-01   2.96650E-03 
    2.13370E-04   1.48066E-03   2.06454E-02   6.73060E-02   8.47264E-02 
    8.00435E-01   4.51649E-02   2.03674E-03   3.31384E-04   0.00000E+00
   8.63000E+02   2.17279E-05   1.81998E-03   9.72934E-01   2.88716E-03 
    2.10909E-04   1.48064E-03   2.06458E-02   6.73076E-02   8.50188E-02 
    7.99706E-01   4.55859E-02   2.04975E-03   3.31637E-04   0.00000E+00
   8.58000E+02   2.02580E-05   1.76476E-03   9.73071E-01   2.80891E-03 
    2.08434E-04   1.48062E-03   2.06462E-02   6.73091E-02   8.53069E-02 
    7.98988E-01   4.60013E-02   2.06284E-03   3.31873E-04   0.00000E+00
   8.53000E+02   1.88758E-05   1.71044E-03   9.73206E-01   2.73175E-03 
    2.05945E-04   1.48059E-03   2.06465E-02   6.73106E-02   8.55908E-02 
    7.98279E-01   4.64111E-02   2.07602E-03   3.32091E-04   0.00000E+00
   8.48000E+02   1.75768E-05   1.65702E-03   9.73339E-01   2.65569E-03 
    2.03441E-04   1.48057E-03   2.06468E-02   6.73120E-02   8.58702E-02 
    7.97581E-01   4.68151E-02   2.08928E-03   3.32292E-04   0.00000E+00
   8.43000E+02   1.63566E-05   1.60451E-03   9.73470E-01   2.58075E-03 
    2.00923E-04   1.48056E-03   2.06471E-02   6.73135E-02   8.61452E-02 
    7.96893E-01   4.72133E-02   2.10263E-03   3.32475E-04   0.00000E+00
   8.38000E+02   1.52110E-05   1.55292E-03   9.73599E-01   2.50693E-03 
    1.98392E-04   1.48054E-03   2.06474E-02   6.73149E-02   8.64156E-02 
    7.96215E-01   4.76057E-02   2.11606E-03   3.32642E-04   0.00000E+00
   8.33000E+02   1.41361E-05   1.50225E-03   9.73725E-01   2.43423E-03 
    1.95847E-04   1.48053E-03   2.06476E-02   6.73162E-02   8.66815E-02 
    7.95548E-01   4.79923E-02   2.12957E-03   3.32791E-04   0.00000E+00
   8.28000E+02   1.31281E-05   1.45252E-03   9.73850E-01   2.36267E-03 
    1.93288E-04   1.48051E-03   2.06479E-02   6.73176E-02   8.69428E-02 
    7.94891E-01   4.83729E-02   2.14316E-03   3.32923E-04   0.00000E+00
   8.23000E+02   1.21833E-05   1.40373E-03   9.73973E-01   2.29225E-03 
    1.90716E-04   1.48050E-03   2.06481E-02   6.73189E-02   8.71994E-02 
    7.94244E-01   4.87476E-02   2.15683E-03   3.33038E-04   0.00000E+00
   8.18000E+02   1.12984E-05   1.35588E-03   9.74093E-01   2.22298E-03 
    1.88130E-04   1.48050E-03   2.06483E-02   6.73201E-02   8.74513E-02 
    7.93609E-01   4.91162E-02   2.17058E-03   3.33137E-04   0.00000E+00
   8.13000E+02   1.04700E-05   1.30898E-03   9.74211E-01   2.15487E-03 
    1.85532E-04   1.48049E-03   2.06485E-02   6.73214E-02   8.76984E-02 
    7.92984E-01   4.94788E-02   2.18440E-03   3.33218E-04   0.00000E+00
   8.08000E+02   9.69506E-06   1.26304E-03   9.74327E-01   2.08793E-03 
    1.82922E-04   1.48049E-03   2.06486E-02   6.73226E-02   8.79407E-02 
    7.92370E-01   4.98353E-02   2.19830E-03   3.33282E-04   0.00000E+00
   8.03000E+02   8.97053E-06   1.21805E-03   9.74441E-01   2.02216E-03 
    1.80299E-04   1.48049E-03   2.06488E-02   6.73238E-02   8.81782E-02 
    7.91767E-01   5.01856E-02   2.21226E-03   3.33330E-04   0.00000E+00
   7.98000E+02   8.29359E-06   1.17402E-03   9.74553E-01   1.95756E-03 
    1.77665E-04   1.48049E-03   2.06489E-02   6.73249E-02   8.84108E-02 
    7.91175E-01   5.05298E-02   2.22630E-03   3.33360E-04   0.00000E+00
   7.93000E+02   7.66156E-06   1.13096E-03   9.74663E-01   1.89415E-03 
    1.75020E-04   1.48050E-03   2.06491E-02   6.73260E-02   8.86385E-02 
    7.90594E-01   5.08678E-02   2.24039E-03   3.33374E-04   0.00000E+00
   7.88000E+02   7.07185E-06   1.08886E-03   9.74770E-01   1.83193E-03 
    1.72363E-04   1.48050E-03   2.06492E-02   6.73271E-02   8.88612E-02 
    7.90024E-01   5.11995E-02   2.25456E-03   3.33370E-04   0.00000E+00
   7.83000E+02   6.52202E-06   1.04772E-03   9.74875E-01   1.77090E-03 
    1.69697E-04   1.48051E-03   2.06493E-02   6.73281E-02   8.90790E-02 
    7.89466E-01   5.15249E-02   2.26878E-03   3.33348E-04   0.00000E+00
   7.78000E+02   6.00975E-06   1.00755E-03   9.74978E-01   1.71107E-03 
    1.67020E-04   1.48053E-03   2.06494E-02   6.73291E-02   8.92919E-02 
    7.88919E-01   5.18440E-02   2.28305E-03   3.33309E-04   0.00000E+00
   7.73000E+02   5.53282E-06   9.68349E-04   9.75079E-01   1.65244E-03 
    1.64335E-04   1.48054E-03   2.06495E-02   6.73301E-02   8.94997E-02 
    7.88383E-01   5.21568E-02   2.29738E-03   3.33252E-04   0.00000E+00
   7.68000E+02   5.08913E-06   9.30110E-04   9.75178E-01   1.59501E-03 
    1.61641E-04   1.48056E-03   2.06496E-02   6.73311E-02   8.97026E-02 
    7.87858E-01   5.24632E-02   2.31176E-03   3.33177E-04   0.00000E+00
   7.63000E+02   4.67669E-06   8.92835E-04   9.75275E-01   1.53879E-03 
    1.58940E-04   1.48058E-03   2.06496E-02   6.73320E-02   8.99005E-02 
    7.87345E-01   5.27632E-02   2.32618E-03   3.33083E-04   0.00000E+00
   7.58000E+02   4.29360E-06   8.56520E-04   9.75369E-01   1.48378E-03 
    1.56231E-04   1.48061E-03   2.06497E-02   6.73328E-02   9.00933E-02 
    7.86843E-01   5.30569E-02   2.34065E-03   3.32971E-04   0.00000E+00
   7.53000E+02   3.93807E-06   8.21162E-04   9.75461E-01   1.42997E-03 
    1.53516E-04   1.48063E-03   2.06498E-02   6.73337E-02   9.02813E-02 
    7.86353E-01   5.33442E-02   2.35515E-03   3.32840E-04   0.00000E+00
   7.48000E+02   3.60839E-06   7.86758E-04   9.75551E-01   1.37738E-03 
    1.50795E-04   1.48067E-03   2.06498E-02   6.73345E-02   9.04642E-02 
    7.85874E-01   5.36250E-02   2.36969E-03   3.32690E-04   0.00000E+00
   7.43000E+02   3.30294E-06   7.53302E-04   9.75639E-01   1.32599E-03 
    1.48070E-04   1.48070E-03   2.06499E-02   6.73353E-02   9.06422E-02 
    7.85406E-01   5.38995E-02   2.38425E-03   3.32520E-04   0.00000E+00
   7.38000E+02   3.02020E-06   7.20790E-04   9.75724E-01   1.27581E-03 
    1.45340E-04   1.48074E-03   2.06499E-02   6.73360E-02   9.08152E-02 
    7.84950E-01   5.41675E-02   2.39884E-03   3.32331E-04   0.00000E+00
   7.33000E+02   2.75872E-06   6.89215E-04   9.75808E-01   1.22684E-03 
    1.42608E-04   1.48078E-03   2.06500E-02   6.73367E-02   9.09834E-02 
    7.84505E-01   5.44292E-02   2.41345E-03   3.32120E-04   0.00000E+00
   7.28000E+02   2.51712E-06   6.58570E-04   9.75889E-01   1.17906E-03 
    1.39873E-04   1.48082E-03   2.06500E-02   6.73374E-02   9.11466E-02 
    7.84072E-01   5.46845E-02   2.42807E-03   3.31889E-04   0.00000E+00
   7.23000E+02   2.29410E-06   6.28848E-04   9.75968E-01   1.13249E-03 
    1.37137E-04   1.48087E-03   2.06500E-02   6.73381E-02   9.13050E-02 
    7.83649E-01   5.49334E-02   2.44270E-03   3.31637E-04   0.00000E+00
   7.18000E+02   2.08845E-06   6.00041E-04   9.76045E-01   1.08711E-03 
    1.34401E-04   1.48093E-03   2.06501E-02   6.73387E-02   9.14586E-02 
    7.83238E-01   5.51760E-02   2.45733E-03   3.31364E-04   0.00000E+00
   7.13000E+02   1.89899E-06   5.72140E-04   9.76120E-01   1.04291E-03 
    1.31666E-04   1.48098E-03   2.06501E-02   6.73393E-02   9.16074E-02 
    7.82838E-01   5.54123E-02   2.47196E-03   3.31068E-04   0.00000E+00
   7.08000E+02   1.72463E-06   5.45135E-04   9.76193E-01   9.99903E-04 
    1.28932E-04   1.48104E-03   2.06501E-02   6.73398E-02   9.17515E-02 
    7.82449E-01   5.56422E-02   2.48658E-03   3.30749E-04   0.00000E+00
   7.03000E+02   1.56435E-06   5.19016E-04   9.76264E-01   9.58067E-04 
    1.26202E-04   1.48111E-03   2.06501E-02   6.73404E-02   9.18908E-02 
    7.82071E-01   5.58659E-02   2.50119E-03   3.30408E-04   0.00000E+00
   6.98000E+02   1.41716E-06   4.93773E-04   9.76333E-01   9.17400E-04 
    1.23475E-04   1.48118E-03   2.06501E-02   6.73409E-02   9.20256E-02 
    7.81704E-01   5.60834E-02   2.51577E-03   3.30043E-04   0.00000E+00
   6.93000E+02   1.28214E-06   4.69393E-04   9.76399E-01   8.77891E-04 
    1.20754E-04   1.48125E-03   2.06501E-02   6.73414E-02   9.21558E-02 
    7.81348E-01   5.62947E-02   2.53034E-03   3.29653E-04   0.00000E+00
   6.88000E+02   1.15845E-06   4.45865E-04   9.76464E-01   8.39532E-04 
    1.18038E-04   1.48133E-03   2.06502E-02   6.73418E-02   9.22814E-02 
    7.81003E-01   5.64999E-02   2.54486E-03   3.29239E-04   0.00000E+00
   6.83000E+02   1.04525E-06   4.23176E-04   9.76527E-01   8.02313E-04 
    1.15331E-04   1.48141E-03   2.06502E-02   6.73422E-02   9.24026E-02 
    7.80668E-01   5.66990E-02   2.55935E-03   3.28799E-04   0.00000E+00
   6.78000E+02   9.41790E-07   4.01313E-04   9.76587E-01   7.66223E-04 
    1.12631E-04   1.48150E-03   2.06502E-02   6.73426E-02   9.25195E-02 
    7.80344E-01   5.68921E-02   2.57380E-03   3.28334E-04   0.00000E+00
   6.74374E+02   8.72441E-07   3.85968E-04   9.76630E-01   7.40750E-04 
    1.10680E-04   1.48157E-03   2.06502E-02   6.73429E-02   9.26015E-02 
    7.80115E-01   5.70284E-02   2.58424E-03   3.27979E-04   0.00000E+00

 Phase Region for:
     BCC_A2                        
     CEMENTITE                     
     FCC_A1#2                      
 col-1=T, col-2=W(BCC_A2,C), col-3=W(BCC_A2,CR), col-4=W(BCC_A2,FE),
   col-5=W(BCC_A2,MN), col-6=W(BCC_A2,MO), col-7=W(BCC_A2,NI),
   col-8=W(BCC_A2,SI), col-9=W(CEMENTITE,C), col-10=W(CEMENTITE,CR),
   col-11=W(CEMENTITE,FE), col-12=W(CEMENTITE,MN), col-13=W(CEMENTITE,MO),
   col-14=W(CEMENTITE,NI), col-15=W(CEMENTITE,SI), col-16=W(FCC_A1#2,C),
   col-17=W(FCC_A1#2,CR), col-18=W(FCC_A1#2,FE), col-19=W(FCC_A1#2,MN),
   col-20=W(FCC_A1#2,MO), col-21=W(FCC_A1#2,NI), col-22=W(FCC_A1#2,SI),
   6.74374E+02   8.72440E-07   3.85968E-04   9.76630E-01   7.40750E-04 
    1.10680E-04   1.48157E-03   2.06502E-02   6.73429E-02   9.26015E-02 
    7.80115E-01   5.70284E-02   2.58424E-03   3.27979E-04   0.00000E+00 
    9.75442E-02   6.80921E-03   5.50096E-05   4.63993E-03   8.90949E-01 
    2.87855E-06   3.17789E-10
   6.73000E+02   8.47367E-07   3.80268E-04   9.76648E-01   7.31310E-04 
    1.07597E-04   1.48159E-03   2.06500E-02   6.73446E-02   9.26439E-02 
    7.80065E-01   5.70862E-02   2.53303E-03   3.27828E-04   0.00000E+00 
    9.75973E-02   6.85312E-03   5.37137E-05   4.64867E-03   8.90844E-01 
    2.85350E-06   3.08435E-10
   6.68000E+02   7.61335E-07   3.60031E-04   9.76714E-01   6.97641E-04 
    9.69827E-05   1.48167E-03   2.06492E-02   6.73506E-02   9.27939E-02 
    7.79883E-01   5.72920E-02   2.35330E-03   3.27259E-04   0.00000E+00 
    9.77917E-02   7.01757E-03   4.92147E-05   4.68083E-03   8.90458E-01 
    2.76365E-06   2.76408E-10
   6.63000E+02   6.83002E-07   3.40573E-04   9.76776E-01   6.65034E-04 
    8.72704E-05   1.48175E-03   2.06484E-02   6.73563E-02   9.29374E-02 
    7.79705E-01   5.74908E-02   2.18366E-03   3.26664E-04   0.00000E+00 
    9.79876E-02   7.18971E-03   4.50413E-05   4.71356E-03   8.90061E-01 
    2.67587E-06   2.47348E-10
   6.58000E+02   6.11776E-07   3.21880E-04   9.76836E-01   6.33479E-04 
    7.83971E-05   1.48184E-03   2.06477E-02   6.73616E-02   9.30745E-02 
    7.79531E-01   5.76828E-02   2.02372E-03   3.26042E-04   0.00000E+00 
    9.81851E-02   7.36998E-03   4.11743E-05   4.74692E-03   8.89654E-01 
    2.59016E-06   2.21015E-10
   6.53000E+02   5.47103E-07   3.03938E-04   9.76893E-01   6.02963E-04 
    7.03038E-05   1.48194E-03   2.06471E-02   6.73667E-02   9.32055E-02 
    7.79361E-01   5.78679E-02   1.87311E-03   3.25393E-04   0.00000E+00 
    9.83844E-02   7.55890E-03   3.75953E-05   4.78095E-03   8.89236E-01 
    2.50652E-06   1.97187E-10
   6.48000E+02   4.88464E-07   2.86730E-04   9.76948E-01   5.73474E-04 
    6.29340E-05   1.48204E-03   2.06464E-02   6.73715E-02   9.33304E-02 
    7.79196E-01   5.80464E-02   1.73146E-03   3.24716E-04   0.00000E+00 
    9.85854E-02   7.75699E-03   3.42867E-05   4.81570E-03   8.88805E-01 
    2.42494E-06   1.75655E-10
   6.43000E+02   4.35375E-07   2.70243E-04   9.77000E-01   5.45000E-04 
    5.62346E-05   1.48215E-03   2.06458E-02   6.73760E-02   9.34495E-02 
    7.79034E-01   5.82184E-02   1.59839E-03   3.24010E-04   0.00000E+00 
    9.87882E-02   7.96484E-03   3.12318E-05   4.85124E-03   8.88362E-01 
    2.34542E-06   1.56227E-10
   6.38000E+02   3.87384E-07   2.54460E-04   9.77050E-01   5.17525E-04 
    5.01551E-05   1.48227E-03   2.06453E-02   6.73802E-02   9.35629E-02 
    7.78876E-01   5.83839E-02   1.47353E-03   3.23274E-04   0.00000E+00 
    9.89928E-02   8.18305E-03   2.84145E-05   4.88762E-03   8.87906E-01 
    2.26797E-06   1.38722E-10
   6.33000E+02   3.44070E-07   2.39364E-04   9.77097E-01   4.91036E-04 
    4.46480E-05   1.48239E-03   2.06447E-02   6.73842E-02   9.36708E-02 
    7.78723E-01   5.85431E-02   1.35654E-03   3.22507E-04   0.00000E+00 
    9.91994E-02   8.41230E-03   2.58195E-05   4.92490E-03   8.87435E-01 
    2.19256E-06   1.22974E-10
   6.28000E+02   3.05040E-07   2.24939E-04   9.77143E-01   4.65518E-04 
    3.96686E-05   1.48252E-03   2.06442E-02   6.73879E-02   9.37734E-02 
    7.78574E-01   5.86961E-02   1.24706E-03   3.21708E-04   0.00000E+00 
    9.94079E-02   8.65329E-03   2.34324E-05   4.96314E-03   8.86950E-01 
    2.11921E-06   1.08829E-10
   6.23000E+02   2.69928E-07   2.11169E-04   9.77186E-01   4.40953E-04 
    3.51745E-05   1.48265E-03   2.06437E-02   6.73914E-02   9.38708E-02 
    7.78429E-01   5.88431E-02   1.14474E-03   3.20877E-04   0.00000E+00 
    9.96186E-02   8.90681E-03   2.12392E-05   5.00242E-03   8.86449E-01 
    2.04791E-06   9.61429E-11
   6.18000E+02   2.38397E-07   1.98036E-04   9.77227E-01   4.17326E-04 
    3.11262E-05   1.48280E-03   2.06433E-02   6.73947E-02   9.39632E-02 
    7.78289E-01   5.89841E-02   1.04924E-03   3.20013E-04   0.00000E+00 
    9.98314E-02   9.17368E-03   1.92269E-05   5.04280E-03   8.85931E-01 
    1.97865E-06   8.47843E-11
   6.13000E+02   2.10130E-07   1.85524E-04   9.77266E-01   3.94618E-04 
    2.74867E-05   1.48295E-03   2.06429E-02   6.73978E-02   9.40507E-02 
    7.78153E-01   5.91193E-02   9.60246E-04   3.19114E-04   0.00000E+00 
    1.00047E-01   9.45480E-03   1.73830E-05   5.08437E-03   8.85395E-01 
    1.91143E-06   7.46309E-11
   6.08000E+02   1.84836E-07   1.73614E-04   9.77304E-01   3.72814E-04 
    2.42211E-05   1.48311E-03   2.06425E-02   6.74007E-02   9.41336E-02 
    7.78021E-01   5.92489E-02   8.77420E-04   3.18180E-04   0.00000E+00 
    1.00264E-01   9.75115E-03   1.56957E-05   5.12719E-03   8.84840E-01 
    1.84625E-06   6.55702E-11
   6.03000E+02   1.62245E-07   1.62289E-04   9.77339E-01   3.51893E-04 
    2.12970E-05   1.48327E-03   2.06421E-02   6.74033E-02   9.42119E-02 
    7.77894E-01   5.93729E-02   8.00451E-04   3.17209E-04   0.00000E+00 
    1.00484E-01   1.00638E-02   1.41538E-05   5.17136E-03   8.84265E-01 
    1.78310E-06   5.74988E-11
   5.98000E+02   1.42108E-07   1.51532E-04   9.77373E-01   3.31838E-04 
    1.86842E-05   1.48344E-03   2.06417E-02   6.74058E-02   9.42860E-02 
    7.77771E-01   5.94915E-02   7.29033E-04   3.16201E-04   0.00000E+00 
    1.00707E-01   1.03938E-02   1.27467E-05   5.21696E-03   8.83668E-01 
    1.72198E-06   5.03215E-11
   5.93000E+02   1.24192E-07   1.41324E-04   9.77405E-01   3.12630E-04 
    1.63545E-05   1.48363E-03   2.06414E-02   6.74082E-02   9.43558E-02 
    7.77653E-01   5.96049E-02   6.62867E-04   3.15155E-04   0.00000E+00 
    1.00932E-01   1.07425E-02   1.14644E-05   5.26409E-03   8.83048E-01 
    1.66289E-06   4.39508E-11
   5.88000E+02   1.08287E-07   1.31649E-04   9.77435E-01   2.94248E-04 
    1.42818E-05   1.48381E-03   2.06411E-02   6.74103E-02   9.44217E-02 
    7.77539E-01   5.97132E-02   6.01665E-04   3.14069E-04   0.00000E+00 
    1.01161E-01   1.11111E-02   1.02976E-05   5.31284E-03   8.82404E-01 
    1.60582E-06   3.83069E-11
   5.83000E+02   9.41967E-08   1.22489E-04   9.77463E-01   2.76674E-04 
    1.24418E-05   1.48401E-03   2.06408E-02   6.74123E-02   9.44836E-02 
    7.77429E-01   5.98165E-02   5.45145E-04   3.12943E-04   0.00000E+00 
    1.01392E-01   1.15013E-02   9.23750E-06   5.36333E-03   8.81733E-01 
    1.55077E-06   3.33164E-11
   5.78000E+02   8.17409E-08   1.13826E-04   9.77491E-01   2.59887E-04 
    1.08123E-05   1.48422E-03   2.06405E-02   6.74142E-02   9.45419E-02 
    7.77324E-01   5.99150E-02   4.93036E-04   3.11776E-04   0.00000E+00 
    1.01627E-01   1.19144E-02   8.27566E-06   5.41567E-03   8.81033E-01 
    1.49775E-06   2.89124E-11
   5.73000E+02   7.07551E-08   1.05641E-04   9.77516E-01   2.43867E-04 
    9.37253E-06   1.48443E-03   2.06402E-02   6.74159E-02   9.45965E-02 
    7.77223E-01   6.00088E-02   4.45076E-04   3.10566E-04   0.00000E+00 
    1.01865E-01   1.23522E-02   7.40432E-06   5.46998E-03   8.80304E-01 
    1.44675E-06   2.50339E-11
   5.68000E+02   6.10884E-08   9.79193E-05   9.77541E-01   2.28593E-04 
    8.10347E-06   1.48465E-03   2.06400E-02   6.74175E-02   9.46478E-02 
    7.77126E-01   6.00981E-02   4.01011E-04   3.09313E-04   0.00000E+00 
    1.02107E-01   1.28167E-02   6.61618E-06   5.52639E-03   8.79542E-01 
    1.39778E-06   2.16255E-11
   5.63000E+02   5.26028E-08   9.06416E-05   9.77564E-01   2.14046E-04 
    6.98766E-06   1.48488E-03   2.06398E-02   6.74190E-02   9.46958E-02 
    7.77034E-01   6.01830E-02   3.60598E-04   3.08015E-04   0.00000E+00 
    1.02353E-01   1.33098E-02   5.90439E-06   5.58504E-03   8.78745E-01 
    1.35085E-06   1.86365E-11
   5.58000E+02   4.51724E-08   8.37913E-05   9.77585E-01   2.00203E-04 
    6.00909E-06   1.48512E-03   2.06395E-02   6.74203E-02   9.47407E-02 
    7.76945E-01   6.02637E-02   3.23603E-04   3.06671E-04   0.00000E+00 
    1.02604E-01   1.38338E-02   5.26256E-06   5.64609E-03   8.77910E-01 
    1.30596E-06   1.60211E-11
   5.53000E+02   3.86827E-08   7.73513E-05   9.77606E-01   1.87044E-04 
    5.15313E-06   1.48537E-03   2.06393E-02   6.74216E-02   9.47826E-02 
    7.76861E-01   6.03402E-02   2.89799E-04   3.05281E-04   0.00000E+00 
    1.02858E-01   1.43911E-02   4.68474E-06   5.70969E-03   8.77035E-01 
    1.26313E-06   1.37380E-11
   5.48000E+02   3.30294E-08   7.13048E-05   9.77625E-01   1.74548E-04 
    4.40641E-06   1.48563E-03   2.06391E-02   6.74227E-02   9.48216E-02 
    7.76780E-01   6.04129E-02   2.58973E-04   3.03842E-04   0.00000E+00 
    1.03118E-01   1.49843E-02   4.16538E-06   5.77603E-03   8.76116E-01 
    1.22237E-06   1.17495E-11
   5.43000E+02   2.81183E-08   6.56352E-05   9.77643E-01   1.62695E-04 
    3.75679E-06   1.48590E-03   2.06389E-02   6.74237E-02   9.48579E-02 
    7.76703E-01   6.04817E-02   2.30918E-04   3.02354E-04   0.00000E+00 
    1.03383E-01   1.56165E-02   3.69932E-06   5.84529E-03   8.75150E-01 
    1.18371E-06   1.00219E-11
   5.38000E+02   2.38638E-08   6.03262E-05   9.77660E-01   1.51463E-04 
    3.19324E-06   1.48617E-03   2.06388E-02   6.74247E-02   9.48916E-02 
    7.76631E-01   6.05468E-02   2.05438E-04   3.00815E-04   0.00000E+00 
    1.03654E-01   1.62907E-02   3.28177E-06   5.91768E-03   8.74133E-01 
    1.14717E-06   8.52458E-12
   5.33000E+02   2.01889E-08   5.53616E-05   9.77676E-01   1.40832E-04 
    2.70578E-06   1.48646E-03   2.06386E-02   6.74256E-02   9.49227E-02 
    7.76562E-01   6.06084E-02   1.82344E-04   2.99225E-04   0.00000E+00 
    1.03931E-01   1.70104E-02   2.90830E-06   5.99342E-03   8.73061E-01 
    1.11278E-06   7.23029E-12
   5.28000E+02   1.70241E-08   5.07257E-05   9.77691E-01   1.30780E-04 
    2.28538E-06   1.48676E-03   2.06384E-02   6.74264E-02   9.49516E-02 
    7.76496E-01   6.06666E-02   1.61460E-04   2.97582E-04   0.00000E+00 
    1.04214E-01   1.77795E-02   2.57482E-06   6.07277E-03   8.71930E-01 
    1.08060E-06   6.11443E-12
   5.23000E+02   1.43070E-08   4.64031E-05   9.77705E-01   1.21287E-04 
    1.92395E-06   1.48706E-03   2.06383E-02   6.74271E-02   9.49781E-02 
    7.76435E-01   6.07216E-02   1.42615E-04   2.95885E-04   0.00000E+00 
    1.04505E-01   1.86023E-02   2.27754E-06   6.15600E-03   8.70733E-01 
    1.05067E-06   5.15505E-12
   5.18000E+02   1.19817E-08   4.23784E-05   9.77718E-01   1.12333E-04 
    1.61418E-06   1.48738E-03   2.06381E-02   6.74278E-02   9.50025E-02 
    7.76377E-01   6.07734E-02   1.25650E-04   2.94133E-04   0.00000E+00 
    1.04803E-01   1.94832E-02   2.01299E-06   6.24339E-03   8.69467E-01 
    1.02307E-06   4.33254E-12
   5.13000E+02   9.99841E-09   3.86369E-05   9.77730E-01   1.03897E-04 
    1.34956E-06   1.48771E-03   2.06380E-02   6.74283E-02   9.50249E-02 
    7.76322E-01   6.08222E-02   1.10413E-04   2.92324E-04   0.00000E+00 
    1.05110E-01   2.04274E-02   1.77795E-06   6.33528E-03   8.68125E-01 
    9.97871E-07   3.62943E-12
   5.08000E+02   8.31248E-09   3.51642E-05   9.77742E-01   9.59597E-05 
    1.12426E-06   1.48805E-03   2.06378E-02   6.74289E-02   9.50452E-02 
    7.76270E-01   6.08682E-02   9.67627E-05   2.90458E-04   0.00000E+00 
    1.05426E-01   2.14406E-02   1.56949E-06   6.43203E-03   8.66699E-01 
    9.75181E-07   3.03020E-12
   5.03000E+02   6.88441E-09   3.19460E-05   9.77753E-01   8.85001E-05 
    9.33103E-07   1.48840E-03   2.06377E-02   6.74294E-02   9.50638E-02 
    7.76222E-01   6.09115E-02   8.45636E-05   2.88532E-04   0.00000E+00 
    1.05751E-01   2.25287E-02   1.38494E-06   6.53404E-03   8.65184E-01 
    9.55124E-07   2.52111E-12
   4.98000E+02   5.67917E-09   2.89688E-05   9.77762E-01   8.14990E-05 
    7.71487E-07   1.48876E-03   2.06375E-02   6.74298E-02   9.50805E-02 
    7.76177E-01   6.09522E-02   7.36900E-05   2.86545E-04   0.00000E+00 
    1.06087E-01   2.36986E-02   1.22182E-06   6.64174E-03   8.63570E-01 
    9.37857E-07   2.08999E-12
   4.93000E+02   4.66582E-09   2.62190E-05   9.77772E-01   7.49370E-05 
    6.35349E-07   1.48913E-03   2.06374E-02   6.74302E-02   9.50955E-02 
    7.76135E-01   6.09904E-02   6.40240E-05   2.84498E-04   0.00000E+00 
    1.06435E-01   2.49577E-02   1.07790E-06   6.75564E-03   8.61850E-01 
    9.23572E-07   1.72612E-12
   4.88000E+02   3.81713E-09   2.36839E-05   9.77780E-01   6.87952E-05 
    5.21105E-07   1.48952E-03   2.06373E-02   6.74306E-02   9.51089E-02 
    7.76097E-01   6.10262E-02   5.54551E-05   2.82387E-04   0.00000E+00 
    1.06796E-01   2.63141E-02   9.51148E-07   6.87629E-03   8.60012E-01 
    9.12506E-07   1.42008E-12
   4.83000E+02   3.10922E-09   2.13508E-05   9.77788E-01   6.30546E-05 
    4.25608E-07   1.48991E-03   2.06371E-02   6.74309E-02   9.51207E-02 
    7.76061E-01   6.10598E-02   4.78806E-05   2.80211E-04   0.00000E+00 
    1.07170E-01   2.77768E-02   8.39718E-07   7.00431E-03   8.58047E-01 
    9.04953E-07   1.16361E-12
   4.78000E+02   2.52119E-09   1.92077E-05   9.77795E-01   5.76970E-05 
    3.46101E-07   1.49032E-03   2.06370E-02   6.74312E-02   9.51310E-02 
    7.76027E-01   6.10913E-02   4.12049E-05   2.77971E-04   0.00000E+00 
    1.07559E-01   2.93555E-02   7.41937E-07   7.14040E-03   8.55944E-01 
    9.01281E-07   9.49484E-13
   4.73000E+02   2.03486E-09   1.72427E-05   9.77802E-01   5.27042E-05 
    2.80184E-07   1.49074E-03   2.06369E-02   6.74314E-02   9.51398E-02 
    7.75997E-01   6.11209E-02   3.53394E-05   2.75663E-04   0.00000E+00 
    1.07964E-01   3.10611E-02   6.56298E-07   7.28534E-03   8.53688E-01 
    9.01948E-07   7.71399E-13
   4.68000E+02   1.63443E-09   1.54448E-05   9.77808E-01   4.80586E-05 
    2.25767E-07   1.49118E-03   2.06367E-02   6.74316E-02   9.51472E-02 
    7.75969E-01   6.11485E-02   3.02019E-05   2.73287E-04   0.00000E+00 
    1.08387E-01   3.29051E-02   5.81442E-07   7.44004E-03   8.51267E-01 
    9.07532E-07   6.23889E-13
   4.63000E+02   1.30626E-09   1.38029E-05   9.77814E-01   4.37429E-05 
    1.81044E-07   1.49162E-03   2.06366E-02   6.74318E-02   9.51533E-02 
    7.75944E-01   6.11744E-02   2.57169E-05   2.70842E-04   0.00000E+00 
    1.08828E-01   3.49003E-02   5.16152E-07   7.60550E-03   8.48664E-01 
    9.18765E-07   5.02218E-13
   4.58000E+02   1.03860E-09   1.23067E-05   9.77819E-01   3.97403E-05 
    1.44457E-07   1.49208E-03   2.06364E-02   6.74320E-02   9.51579E-02 
    7.75921E-01   6.11986E-02   2.18149E-05   2.68326E-04   0.00000E+00 
    1.09291E-01   3.70604E-02   4.59337E-07   7.78290E-03   8.45864E-01 
    9.36578E-07   4.02298E-13
   4.53000E+02   8.21374E-10   1.09463E-05   9.77824E-01   3.60342E-05 
    1.14669E-07   1.49255E-03   2.06363E-02   6.74321E-02   9.51613E-02 
    7.75901E-01   6.12213E-02   1.84319E-05   2.65737E-04   0.00000E+00 
    1.09776E-01   3.94000E-02   4.10026E-07   7.97356E-03   8.42849E-01 
    9.62169E-07   3.20615E-13
   4.48000E+02   6.45991E-10   9.71200E-06   9.77828E-01   3.26088E-05 
    9.05352E-08   1.49304E-03   2.06361E-02   6.74322E-02   9.51634E-02 
    7.75883E-01   6.12425E-02   1.55097E-05   2.63076E-04   0.00000E+00 
    1.10284E-01   4.19348E-02   3.67354E-07   8.17902E-03   8.39600E-01 
    9.97087E-07   2.54159E-13
   4.43000E+02   5.05147E-10   8.59474E-06   9.77832E-01   2.94483E-05 
    7.10832E-08   1.49353E-03   2.06360E-02   6.74324E-02   9.51641E-02 
    7.75868E-01   6.12624E-02   1.29952E-05   2.60340E-04   0.00000E+00 
    1.10819E-01   4.46814E-02   3.30558E-07   8.40104E-03   8.36097E-01 
    1.04336E-06   2.00361E-13
   4.38000E+02   3.92666E-10   7.58582E-06   9.77836E-01   2.65379E-05 
    5.54879E-08   1.49404E-03   2.06358E-02   6.74324E-02   9.51635E-02 
    7.75855E-01   6.12811E-02   1.08400E-05   2.57528E-04   0.00000E+00 
    1.11381E-01   4.76567E-02   2.98965E-07   8.64169E-03   8.32319E-01 
    1.10365E-06   1.57035E-13
   4.33000E+02   3.03353E-10   6.67698E-06   9.77839E-01   2.38627E-05 
    4.30538E-08   1.49457E-03   2.06356E-02   6.74325E-02   9.51617E-02 
    7.75844E-01   6.12986E-02   9.00031E-06   2.54639E-04   0.00000E+00 
    1.11972E-01   5.08784E-02   2.71988E-07   8.90336E-03   8.28244E-01 
    1.18151E-06   1.22335E-13
   4.28000E+02   2.32858E-10   5.86038E-06   9.77842E-01   2.14087E-05 
    3.31970E-08   1.49511E-03   2.06354E-02   6.74326E-02   9.51585E-02 
    7.75835E-01   6.13151E-02   7.43677E-06   2.51671E-04   0.00000E+00 
    1.12594E-01   5.43640E-02   2.49115E-07   9.18884E-03   8.23851E-01 
    1.28175E-06   9.47010E-14
   4.23000E+02   1.77562E-10   5.12857E-06   9.77845E-01   1.91621E-05 
    2.54300E-08   1.49566E-03   2.06352E-02   6.74326E-02   9.51539E-02 
    7.75828E-01   6.13306E-02   6.11386E-06   2.48625E-04   0.00000E+00 
    1.13248E-01   5.81303E-02   2.29907E-07   9.50143E-03   8.19118E-01 
    1.41086E-06   7.28272E-14
   4.18000E+02   1.34466E-10   4.47455E-06   9.77847E-01   1.71098E-05 
    1.93480E-08   1.49623E-03   2.06350E-02   6.74326E-02   9.51479E-02 
    7.75824E-01   6.13452E-02   4.99980E-06   2.45498E-04   0.00000E+00 
    1.13935E-01   6.21934E-02   2.13990E-07   9.84498E-03   8.14024E-01 
    1.57785E-06   5.56220E-14
   4.13000E+02   1.01103E-10   3.89168E-06   9.77849E-01   1.52392E-05 
    1.46163E-08   1.49681E-03   2.06347E-02   6.74327E-02   9.51406E-02 
    7.75821E-01   6.13591E-02   4.06620E-06   2.42290E-04   0.00000E+00 
    1.14656E-01   6.65674E-02   2.01052E-07   1.02241E-02   8.08550E-01 
    1.79524E-06   4.21787E-14
   4.08000E+02   7.54548E-11   3.37375E-06   9.77851E-01   1.35379E-05 
    1.09602E-08   1.49740E-03   2.06345E-02   6.74327E-02   9.51317E-02 
    7.75821E-01   6.13721E-02   3.28786E-06   2.38999E-04   0.00000E+00 
    1.15411E-01   7.12640E-02   1.90839E-07   1.06441E-02   8.02678E-01 
    2.08077E-06   3.17478E-14
   4.03000E+02   5.58791E-11   2.91492E-06   9.77853E-01   1.19943E-05 
    8.15515E-09   1.49801E-03   2.06342E-02   6.74326E-02   9.51214E-02 
    7.75823E-01   6.13845E-02   2.64245E-06   2.35625E-04   0.00000E+00 
    1.16200E-01   7.62923E-02   1.83151E-07   1.11116E-02   7.96394E-01 
    2.45982E-06   2.37132E-14
   3.98000E+02   4.10507E-11   2.50971E-06   9.77854E-01   1.05972E-05 
    6.01906E-09   1.49864E-03   2.06339E-02   6.74326E-02   9.51096E-02 
    7.75827E-01   6.13962E-02   2.11030E-06   2.32166E-04   0.00000E+00 
    1.17021E-01   8.16576E-02   1.77842E-07   1.16342E-02   7.89684E-01 
    2.96933E-06   1.75718E-14
   3.93000E+02   2.99060E-11   2.15302E-06   9.77856E-01   9.33585E-06 
    4.40502E-09   1.49928E-03   2.06336E-02   6.74326E-02   9.50962E-02 
    7.75834E-01   6.14074E-02   1.67413E-06   2.28623E-04   0.00000E+00 
    1.17874E-01   8.73622E-02   1.74820E-07   1.22209E-02   7.82539E-01 
    3.66382E-06   1.29147E-14
   3.88000E+02   2.15982E-11   1.84011E-06   9.77857E-01   8.20009E-06 
    3.19537E-09   1.49993E-03   2.06333E-02   6.74326E-02   9.50812E-02 
    7.75842E-01   6.14179E-02   1.31888E-06   2.24993E-04   0.00000E+00 
    1.18757E-01   9.34051E-02   1.74049E-07   1.28828E-02   7.74950E-01 
    4.62513E-06   9.41225E-15
   3.83000E+02   1.54575E-11   1.56656E-06   9.77858E-01   7.18018E-06 
    2.29651E-09   1.50060E-03   2.06330E-02   6.74325E-02   9.50646E-02 
    7.75853E-01   6.14279E-02   1.03143E-06   2.21278E-04   0.00000E+00 
    1.19669E-01   9.97837E-02   1.75553E-07   1.36329E-02   7.66908E-01 
    5.97822E-06   6.80069E-15
   3.78000E+02   1.09587E-11   1.32830E-06   9.77859E-01   6.26690E-06 
    1.63456E-09   1.50128E-03   2.06326E-02   6.74324E-02   9.50463E-02 
    7.75866E-01   6.14373E-02   8.00459E-07   2.17475E-04   0.00000E+00 
    1.20608E-01   1.06494E-01   1.79425E-07   1.44867E-02   7.58403E-01 
    7.91762E-06   5.73905E-15
   3.73000E+02   7.69320E-12   1.12155E-06   9.77859E-01   5.45150E-06 
    1.15165E-09   1.50197E-03   2.06322E-02   6.74324E-02   9.50262E-02 
    7.75881E-01   6.14461E-02   6.16214E-07   2.13585E-04   0.00000E+00 
    1.21573E-01   1.13535E-01   1.85843E-07   1.54631E-02   7.49417E-01 
    1.07524E-05   5.77252E-15
   3.68000E+02   5.34562E-12   9.42864E-07   9.77860E-01   4.72572E-06 
    8.02808E-10   1.50268E-03   2.06318E-02   6.74323E-02   9.50044E-02 
    7.75899E-01   6.14542E-02   4.70371E-07   2.09607E-04   0.00000E+00 
    1.22566E-01   1.20908E-01   1.95086E-07   1.65846E-02   7.39926E-01 
    1.49847E-05   5.80811E-15
   3.63000E+02   3.67485E-12   7.89054E-07   9.77860E-01   4.08176E-06 
    5.53412E-10   1.50340E-03   2.06314E-02   6.74322E-02   9.49806E-02 
    7.75920E-01   6.14617E-02   3.55856E-07   2.05541E-04   0.00000E+00 
    1.23587E-01   1.28621E-01   2.07573E-07   1.78785E-02   7.29891E-01 
    2.14514E-05   5.84597E-15
   3.58000E+02   2.49820E-12   6.57224E-07   9.77861E-01   3.51230E-06 
    3.77039E-10   1.50414E-03   2.06309E-02   6.74321E-02   9.49548E-02 
    7.75943E-01   6.14684E-02   2.66703E-07   2.01388E-04   0.00000E+00 
    1.24641E-01   1.36692E-01   2.23910E-07   1.93782E-02   7.19257E-01 
    3.15863E-05   5.88633E-15
   3.53000E+02   1.67859E-12   5.44735E-07   9.77861E-01   3.01045E-06 
    2.53721E-10   1.50488E-03   2.06304E-02   6.74320E-02   9.49266E-02 
    7.75970E-01   6.14744E-02   1.97912E-07   1.97147E-04   0.00000E+00 
    1.25733E-01   1.45152E-01   2.44979E-07   2.11250E-02   7.07941E-01 
    4.79265E-05   5.92949E-15
   3.48000E+02   1.11421E-12   4.49192E-07   9.77862E-01   2.56979E-06 
    1.68527E-10   1.50562E-03   2.06299E-02   6.74318E-02   9.48958E-02 
    7.76000E-01   6.14794E-02   1.45332E-07   1.92818E-04   0.00000E+00 
    1.26874E-01   1.54054E-01   2.72093E-07   2.31704E-02   6.95826E-01 
    7.51344E-05   5.97589E-15
   3.43000E+02   7.30211E-13   3.68434E-07   9.77862E-01   2.18431E-06 
    1.10406E-10   1.50636E-03   2.06293E-02   6.74317E-02   9.48619E-02 
    7.76035E-01   6.14834E-02   1.05538E-07   1.88401E-04   0.00000E+00 
    1.28079E-01   1.63481E-01   3.07291E-07   2.55803E-02   6.82736E-01 
    1.22192E-04   6.02619E-15
   3.38000E+02   4.72211E-13   3.00515E-07   9.77862E-01   1.84842E-06 
    7.12784E-11   1.50707E-03   2.06286E-02   6.74315E-02   9.48239E-02 
    7.76074E-01   6.14861E-02   7.57340E-08   1.83897E-04   0.00000E+00 
    1.29371E-01   1.73580E-01   3.54010E-07   2.84420E-02   6.68399E-01 
    2.07518E-04   6.08143E-15
   3.33000E+02   3.01132E-13   2.43693E-07   9.77863E-01   1.55694E-06 
    4.53021E-11   1.50772E-03   2.06278E-02   6.74313E-02   9.47804E-02 
    7.76121E-01   6.14876E-02   5.36560E-08   1.79302E-04   0.00000E+00 
    1.30789E-01   1.84623E-01   4.18854E-07   3.18773E-02   6.52338E-01 
    3.72559E-04   6.14339E-15
   3.28000E+02   1.89247E-13   1.96413E-07   9.77864E-01   1.30510E-06 
    2.83085E-11   1.50818E-03   2.06268E-02   6.74311E-02   9.47278E-02 
    7.76179E-01   6.14877E-02   3.74876E-08   1.74608E-04   0.00000E+00 
    1.32417E-01   1.97236E-01   5.17662E-07   3.60773E-02   6.33542E-01 
    7.26891E-04   6.21594E-15
   3.23000E+02   1.17127E-13   1.57288E-07   9.77865E-01   1.08850E-06 
    1.73587E-11   1.50802E-03   2.06254E-02   6.74307E-02   9.46547E-02 
    7.76257E-01   6.14878E-02   2.57832E-08   1.69779E-04   0.00000E+00 
    1.34524E-01   2.13566E-01   7.10895E-07   4.14507E-02   6.08765E-01 
    1.69367E-03   6.31148E-15
   3.20500E+02   9.16017E-14   1.40377E-07   9.77868E-01   9.92213E-07 
    1.34810E-11   1.50668E-03   2.06242E-02   6.74304E-02   9.45863E-02 
    7.76324E-01   6.14923E-02   2.12341E-08   1.67222E-04   0.00000E+00 
    1.36294E-01   2.27618E-01   9.88883E-07   4.51245E-02   5.87604E-01 
    3.35893E-03   6.39289E-15
