
 Phase Region for:
     BCC_A2                        
     GRAPHITE                      
 col-1=TEMP_C, col-2=W(BCC_A2,C), col-3=W(FCC_A1,C), col-4=W(GRAPHITE,C),
   col-5=W(LIQUID,C),
   7.26850E+02   9.51556E-05   4.33025E-03   1.00000E+00   3.15171E-02
   7.31850E+02   1.01813E-04   4.45413E-03   1.00000E+00   3.16023E-02
   7.36850E+02   1.08858E-04   4.57610E-03   1.00000E+00   3.16823E-02
   7.41850E+02   1.16313E-04   4.69915E-03   1.00000E+00   3.17620E-02
   7.46850E+02   1.24196E-04   4.82341E-03   1.00000E+00   3.18415E-02
   7.51850E+02   1.32525E-04   4.94886E-03   1.00000E+00   3.19209E-02
   7.56850E+02   1.41323E-04   5.07551E-03   1.00000E+00   3.20002E-02
   7.61850E+02   1.50608E-04   5.20334E-03   1.00000E+00   3.20793E-02
   7.66850E+02   1.60402E-04   5.33235E-03   1.00000E+00   3.21582E-02
   7.71850E+02   1.70727E-04   5.46252E-03   1.00000E+00   3.22369E-02
   7.76850E+02   1.81606E-04   5.59384E-03   1.00000E+00   3.23154E-02
   7.81850E+02   1.93061E-04   5.72631E-03   1.00000E+00   3.23936E-02
   7.83122E+02   1.96071E-04   5.76020E-03   1.00000E+00   3.24135E-02

 Phase Region for:
     BCC_A2                        
     FCC_A1                        
     GRAPHITE                      
 col-1=TEMP_C, col-2=W(BCC_A2,C), col-3=W(FCC_A1,C), col-4=W(GRAPHITE,C),
   col-5=W(LIQUID,C),
   7.83122E+02   1.96071E-04   5.76020E-03   1.00000E+00   3.24135E-02
   7.86850E+02   2.01784E-04   5.79559E-03   1.00000E+00   3.22564E-02
   7.91850E+02   2.09060E-04   5.82960E-03   1.00000E+00   3.20350E-02
   7.96850E+02   2.16023E-04   5.85160E-03   1.00000E+00   3.18054E-02
   8.01850E+02   2.22812E-04   5.86531E-03   1.00000E+00   3.15719E-02
   8.06850E+02   2.29545E-04   5.87374E-03   1.00000E+00   3.13375E-02
   8.11850E+02   2.36309E-04   5.87912E-03   1.00000E+00   3.11048E-02
   8.15329E+02   2.41067E-04   5.88190E-03   1.00000E+00   3.09448E-02

 Phase Region for:
     FCC_A1                        
     GRAPHITE                      
 col-1=TEMP_C, col-2=W(BCC_A2,C), col-3=W(FCC_A1,C), col-4=W(GRAPHITE,C),
   col-5=W(LIQUID,C),
   8.15329E+02   2.41067E-04   5.88190E-03   1.00000E+00   3.09448E-02
   8.16850E+02   2.45206E-04   5.91855E-03   1.00000E+00   3.09713E-02
   8.21850E+02   2.59237E-04   6.03973E-03   1.00000E+00   3.10580E-02
   8.26850E+02   2.73935E-04   6.16196E-03   1.00000E+00   3.11441E-02
   8.31850E+02   2.89324E-04   6.28522E-03   1.00000E+00   3.12298E-02
   8.36850E+02   3.05430E-04   6.40951E-03   1.00000E+00   3.13150E-02
   8.41850E+02   3.22278E-04   6.53481E-03   1.00000E+00   3.13997E-02
   8.46850E+02   3.39893E-04   6.66110E-03   1.00000E+00   3.14840E-02
   8.51850E+02   3.58303E-04   6.78837E-03   1.00000E+00   3.15677E-02
   8.56850E+02   3.77535E-04   6.91661E-03   1.00000E+00   3.16511E-02
   8.61850E+02   3.97616E-04   7.04580E-03   1.00000E+00   3.17340E-02
   8.66850E+02   4.18574E-04   7.17593E-03   1.00000E+00   3.18165E-02
   8.71850E+02   4.40438E-04   7.30699E-03   1.00000E+00   3.18986E-02
   8.76850E+02   4.63238E-04   7.43895E-03   1.00000E+00   3.19802E-02
   8.81850E+02   4.87003E-04   7.57182E-03   1.00000E+00   3.20615E-02
   8.86850E+02   5.11764E-04   7.70556E-03   1.00000E+00   3.21423E-02
   8.91850E+02   5.37552E-04   7.84018E-03   1.00000E+00   3.22228E-02
   8.96850E+02   5.64397E-04   7.97565E-03   1.00000E+00   3.23029E-02
   9.01850E+02   5.92332E-04   8.11197E-03   1.00000E+00   3.23826E-02
   9.06850E+02   6.21390E-04   8.24911E-03   1.00000E+00   3.24620E-02
   9.11850E+02   6.51603E-04   8.38706E-03   1.00000E+00   3.25410E-02
   9.16850E+02   6.83005E-04   8.52582E-03   1.00000E+00   3.26197E-02
   9.21850E+02   7.15629E-04   8.66536E-03   1.00000E+00   3.26980E-02
   9.26850E+02   7.49510E-04   8.80567E-03   1.00000E+00   3.27760E-02
   9.31850E+02   7.84683E-04   8.94675E-03   1.00000E+00   3.28537E-02
   9.36850E+02   8.21183E-04   9.08857E-03   1.00000E+00   3.29310E-02
   9.41850E+02   8.59046E-04   9.23112E-03   1.00000E+00   3.30080E-02
   9.46850E+02   8.98307E-04   9.37439E-03   1.00000E+00   3.30848E-02
   9.51850E+02   9.39004E-04   9.51837E-03   1.00000E+00   3.31612E-02
   9.56850E+02   9.81172E-04   9.66305E-03   1.00000E+00   3.32374E-02
   9.61850E+02   1.02485E-03   9.80840E-03   1.00000E+00   3.33132E-02
   9.66850E+02   1.07007E-03   9.95442E-03   1.00000E+00   3.33888E-02
   9.71850E+02   1.11688E-03   1.01011E-02   1.00000E+00   3.34641E-02
   9.76850E+02   1.16531E-03   1.02484E-02   1.00000E+00   3.35391E-02
   9.81850E+02   1.21540E-03   1.03964E-02   1.00000E+00   3.36139E-02
   9.86850E+02   1.26719E-03   1.05449E-02   1.00000E+00   3.36884E-02
   9.91850E+02   1.32072E-03   1.06941E-02   1.00000E+00   3.37627E-02
   9.96850E+02   1.37603E-03   1.08439E-02   1.00000E+00   3.38367E-02
   1.00185E+03   1.43315E-03   1.09942E-02   1.00000E+00   3.39105E-02
   1.00685E+03   1.49213E-03   1.11451E-02   1.00000E+00   3.39840E-02
   1.01185E+03   1.55300E-03   1.12966E-02   1.00000E+00   3.40573E-02
   1.01685E+03   1.61580E-03   1.14486E-02   1.00000E+00   3.41304E-02
   1.02185E+03   1.68058E-03   1.16012E-02   1.00000E+00   3.42032E-02
   1.02685E+03   1.74738E-03   1.17542E-02   1.00000E+00   3.42759E-02
   1.03185E+03   1.81622E-03   1.19078E-02   1.00000E+00   3.43483E-02
   1.03685E+03   1.88715E-03   1.20619E-02   1.00000E+00   3.44205E-02
   1.04185E+03   1.96022E-03   1.22165E-02   1.00000E+00   3.44925E-02
   1.04685E+03   2.03546E-03   1.23715E-02   1.00000E+00   3.45644E-02
   1.05185E+03   2.11290E-03   1.25270E-02   1.00000E+00   3.46360E-02
   1.05685E+03   2.19259E-03   1.26830E-02   1.00000E+00   3.47074E-02
   1.06185E+03   2.27456E-03   1.28394E-02   1.00000E+00   3.47787E-02
   1.06685E+03   2.35886E-03   1.29963E-02   1.00000E+00   3.48497E-02
   1.07185E+03   2.44552E-03   1.31536E-02   1.00000E+00   3.49206E-02
   1.07685E+03   2.53458E-03   1.33112E-02   1.00000E+00   3.49913E-02
   1.08185E+03   2.62607E-03   1.34693E-02   1.00000E+00   3.50619E-02
   1.08685E+03   2.72003E-03   1.36278E-02   1.00000E+00   3.51322E-02
   1.09185E+03   2.81650E-03   1.37867E-02   1.00000E+00   3.52024E-02
   1.09685E+03   2.91551E-03   1.39459E-02   1.00000E+00   3.52725E-02
   1.10185E+03   3.01710E-03   1.41055E-02   1.00000E+00   3.53424E-02
   1.10685E+03   3.12129E-03   1.42655E-02   1.00000E+00   3.54121E-02
   1.11185E+03   3.22813E-03   1.44258E-02   1.00000E+00   3.54817E-02
   1.11685E+03   3.33764E-03   1.45865E-02   1.00000E+00   3.55511E-02
   1.12185E+03   3.44986E-03   1.47474E-02   1.00000E+00   3.56204E-02
   1.12685E+03   3.56481E-03   1.49087E-02   1.00000E+00   3.56896E-02
   1.13185E+03   3.68253E-03   1.50703E-02   1.00000E+00   3.57586E-02
   1.13685E+03   3.80304E-03   1.52322E-02   1.00000E+00   3.58275E-02
   1.14185E+03   3.92638E-03   1.53944E-02   1.00000E+00   3.58962E-02
   1.14685E+03   4.05256E-03   1.55569E-02   1.00000E+00   3.59649E-02
   1.15185E+03   4.18161E-03   1.57196E-02   1.00000E+00   3.60334E-02
   1.15685E+03   4.31356E-03   1.58826E-02   1.00000E+00   3.61017E-02
   1.15780E+03   4.33903E-03   1.59137E-02   1.00000E+00   3.61147E-02

 Phase Region for:
     LIQUID                        
     FCC_A1                        
     GRAPHITE                      
 col-1=TEMP_C, col-2=W(BCC_A2,C), col-3=W(FCC_A1,C), col-4=W(GRAPHITE,C),
   col-5=W(LIQUID,C),
   1.15780E+03   4.33903E-03   1.59137E-02   1.00000E+00   3.61147E-02
   1.15924E+03   4.19291E-03   1.54685E-02   1.00000E+00   3.54483E-02

 Phase Region for:
     LIQUID                        
     FCC_A1                        
 col-1=TEMP_C, col-2=W(BCC_A2,C), col-3=W(FCC_A1,C), col-4=W(GRAPHITE,C),
   col-5=W(LIQUID,C),
   1.15924E+03   4.19291E-03   1.54685E-02   1.00000E+00   3.54483E-02
   1.16185E+03   4.18735E-03   1.53278E-02   1.00000E+00   3.51851E-02
   1.16369E+03   4.18324E-03   1.52289E-02   1.00000E+00   3.50000E-02

 Phase Region for:
     LIQUID                        
 col-1=TEMP_C, col-2=W(BCC_A2,C), col-3=W(FCC_A1,C), col-4=W(GRAPHITE,C),
   col-5=W(LIQUID,C),
   1.16369E+03   4.18324E-03   1.52289E-02   1.00000E+00   3.50000E-02
   1.16685E+03   4.24769E-03   1.52748E-02   1.00000E+00   3.50000E-02
   1.17185E+03   4.35083E-03   1.53471E-02   1.00000E+00   3.50000E-02
   1.17685E+03   4.45547E-03   1.54192E-02   1.00000E+00   3.50000E-02
   1.18185E+03   4.56159E-03   1.54910E-02   1.00000E+00   3.50000E-02
   1.18685E+03   4.66921E-03   1.55625E-02   1.00000E+00   3.50000E-02
   1.19185E+03   4.77830E-03   1.56338E-02   1.00000E+00   3.50000E-02
   1.19685E+03   4.88886E-03   1.57048E-02   1.00000E+00   3.50000E-02
   1.20185E+03   5.00089E-03   1.57756E-02   1.00000E+00   3.50000E-02
   1.20685E+03   5.11437E-03   1.58460E-02   1.00000E+00   3.50000E-02
   1.21185E+03   5.22929E-03   1.59163E-02   1.00000E+00   3.50000E-02
   1.21685E+03   5.34566E-03   1.59862E-02   1.00000E+00   3.50000E-02
   1.22185E+03   5.46344E-03   1.60559E-02   1.00000E+00   3.50000E-02
   1.22685E+03   5.58264E-03   1.61254E-02   1.00000E+00   3.50000E-02

 Phase Region for:
     BCC_A2                        
     GRAPHITE                      
 col-1=TEMP_C, col-2=W(BCC_A2,C), col-3=W(FCC_A1,C), col-4=W(GRAPHITE,C),
   col-5=W(LIQUID,C),
   7.26850E+02   9.51556E-05   4.33025E-03   1.00000E+00   3.15171E-02
   7.21850E+02   8.88725E-05   4.20841E-03   1.00000E+00   3.14336E-02
   7.16850E+02   8.29464E-05   4.08860E-03   1.00000E+00   3.13517E-02
   7.11850E+02   7.73608E-05   3.97082E-03   1.00000E+00   3.12713E-02
   7.06850E+02   7.20995E-05   3.85508E-03   1.00000E+00   3.11926E-02
   7.01850E+02   6.71470E-05   3.74136E-03   1.00000E+00   3.11156E-02
   6.96850E+02   6.24886E-05   3.62966E-03   1.00000E+00   3.10402E-02
   6.91850E+02   5.81097E-05   3.51999E-03   1.00000E+00   3.09664E-02
   6.86850E+02   5.39964E-05   3.41233E-03   1.00000E+00   3.08943E-02
   6.81850E+02   5.01356E-05   3.30669E-03   1.00000E+00   3.08239E-02
   6.76850E+02   4.65142E-05   3.20305E-03   1.00000E+00   3.07552E-02
   6.71850E+02   4.31201E-05   3.10141E-03   1.00000E+00   3.06882E-02
   6.66850E+02   3.99412E-05   3.00176E-03   1.00000E+00   3.06230E-02
   6.61850E+02   3.69662E-05   2.90410E-03   1.00000E+00   3.05595E-02
   6.56850E+02   3.41843E-05   2.80842E-03   1.00000E+00   3.04979E-02
   6.51850E+02   3.15849E-05   2.71472E-03   1.00000E+00   3.04382E-02
   6.46850E+02   2.91580E-05   2.62297E-03   1.00000E+00   3.03803E-02
   6.41850E+02   2.68940E-05   2.53317E-03   1.00000E+00   3.03244E-02
   6.36850E+02   2.47837E-05   2.44531E-03   1.00000E+00   3.02705E-02
   6.31850E+02   2.28183E-05   2.35938E-03   1.00000E+00   3.02186E-02
   6.26850E+02   2.09894E-05   2.27537E-03   1.00000E+00   3.01688E-02
   6.21850E+02   1.92891E-05   2.19326E-03   1.00000E+00   3.01211E-02
   6.16850E+02   1.77097E-05   2.11304E-03   1.00000E+00   3.00757E-02
   6.11850E+02   1.62439E-05   2.03470E-03   1.00000E+00   3.00325E-02
   6.06850E+02   1.48847E-05   1.95821E-03   1.00000E+00   2.99916E-02
   6.01850E+02   1.36257E-05   1.88357E-03   1.00000E+00   2.99531E-02
   5.96850E+02   1.24605E-05   1.81075E-03   1.00000E+00   2.99171E-02
   5.91850E+02   1.13831E-05   1.73974E-03   1.00000E+00   2.98837E-02
   5.91850E+02   1.13831E-05   1.73974E-03   1.00000E+00   2.98837E-02
   5.86850E+02   1.03880E-05   1.67052E-03   1.00000E+00   2.98529E-02
   5.81850E+02   9.46966E-06   1.60306E-03   1.00000E+00   2.98249E-02
   5.76850E+02   8.62314E-06   1.53735E-03   1.00000E+00   2.97996E-02
   5.71850E+02   7.84360E-06   1.47337E-03   1.00000E+00   2.97773E-02
   5.66850E+02   7.12648E-06   1.41108E-03   1.00000E+00   2.97580E-02
   5.61850E+02   6.46749E-06   1.35047E-03   1.00000E+00   2.97418E-02
   5.56850E+02   5.86258E-06   1.29151E-03   1.00000E+00   2.97289E-02
   5.51850E+02   5.30793E-06   1.23417E-03   1.00000E+00   2.97193E-02
   5.46850E+02   4.79992E-06   1.17843E-03   1.00000E+00   2.97132E-02
   5.41850E+02   4.33519E-06   1.12425E-03   1.00000E+00   2.97107E-02
   5.36850E+02   3.91053E-06   1.07160E-03   1.00000E+00   2.97119E-02
   5.31850E+02   3.52295E-06   1.02045E-03   1.00000E+00   2.97169E-02
   5.26850E+02   3.16965E-06   9.70762E-04   1.00000E+00   2.97260E-02
   5.21850E+02   2.84800E-06   9.22493E-04   1.00000E+00   2.97392E-02
   5.16850E+02   2.55552E-06   8.75601E-04   1.00000E+00   2.97567E-02
   5.11850E+02   2.28991E-06   8.30037E-04   1.00000E+00   2.97786E-02
   5.06850E+02   2.04903E-06   7.85748E-04   1.00000E+00   2.98051E-02
   5.01850E+02   1.83086E-06   7.42671E-04   1.00000E+00   2.98364E-02
   4.96850E+02   1.63353E-06   7.00734E-04   1.00000E+00   2.98726E-02
   4.91850E+02   1.45530E-06   6.59848E-04   1.00000E+00   2.99139E-02
   4.86850E+02   1.29454E-06   6.19906E-04   1.00000E+00   2.99605E-02
   4.81850E+02   1.14976E-06   5.80765E-04   1.00000E+00   3.00125E-02
   4.76850E+02   1.01956E-06   5.42229E-04   1.00000E+00   3.00700E-02
   4.71850E+02   9.02645E-07   5.04012E-04   1.00000E+00   3.01333E-02
   4.66850E+02   7.97824E-07   4.65650E-04   1.00000E+00   3.02026E-02
   4.61850E+02   7.03993E-07   4.26282E-04   1.00000E+00   3.02779E-02
   4.56850E+02   6.20133E-07   3.83902E-04   1.00000E+00   3.03595E-02
   4.51850E+02   5.45309E-07   3.30150E-04   1.00000E+00   3.04474E-02
   4.46850E+02   4.78657E-07   2.87028E-04   1.00000E+00   3.05419E-02
   4.41850E+02   4.19387E-07   6.08734E-05   1.00000E+00   3.06429E-02
   4.36850E+02   3.66773E-07   4.26269E-04   1.00000E+00   3.07508E-02
   4.31850E+02   3.20150E-07   1.28716E-05   1.00000E+00   3.08654E-02
   4.26850E+02   2.78912E-07   4.59617E-04   1.00000E+00   3.09869E-02
   4.21850E+02   2.42505E-07   1.57828E-04   1.00000E+00   3.11153E-02
   4.16850E+02   2.10422E-07   1.56960E-04   1.00000E+00   3.12506E-02
   4.11850E+02   1.82207E-07   3.62842E-04   1.00000E+00   3.13926E-02
   4.06850E+02   1.57441E-07   8.52613E-06   1.00000E+00   3.15413E-02
   4.01850E+02   1.35748E-07   2.33858E-04   1.00000E+00   3.16965E-02
   3.96850E+02   1.16785E-07   3.22407E-04   1.00000E+00   3.18578E-02
   3.91850E+02   1.00243E-07   1.47270E-04   1.00000E+00   3.20250E-02
   3.86850E+02   8.58464E-08   2.30536E-04   1.00000E+00   3.21976E-02
   3.81850E+02   7.33433E-08   2.57832E-04   1.00000E+00   3.23749E-02
   3.76850E+02   6.25097E-08   2.58989E-04   1.00000E+00   3.25562E-02
   3.71850E+02   5.31446E-08   2.49544E-04   1.00000E+00   3.27405E-02
   3.66850E+02   4.50681E-08   5.34031E-06   1.00000E+00   3.29268E-02
   3.61850E+02   3.81199E-08   1.04076E-07   1.00000E+00   3.31136E-02
   3.56850E+02   3.21574E-08   8.61608E-10   1.00000E+00   3.32990E-02
   3.51850E+02   2.70538E-08   1.41088E-04   1.00000E+00   3.34810E-02
   3.46850E+02   2.26968E-08   2.85903E-05   1.00000E+00   3.36566E-02
   3.41850E+02   1.89873E-08   1.70332E-04   1.00000E+00   3.38222E-02
   3.36850E+02   1.58376E-08   2.41589E-05   1.00000E+00   3.39728E-02
   3.31850E+02   1.31709E-08   1.50056E-04   1.00000E+00   3.41013E-02
   3.26850E+02   1.09196E-08   2.05330E-05   1.00000E+00   3.41968E-02
   3.21850E+02   9.02464E-09   1.31765E-04   1.00000E+00   3.42403E-02
   3.16850E+02   7.43448E-09   1.23911E-04   1.00000E+00   3.41909E-02
   3.11850E+02   6.10425E-09   1.16145E-04   1.00000E+00   3.39076E-02
   3.06850E+02   4.99503E-09   1.56326E-05   1.00000E+00   3.81250E-02
   3.01850E+02   4.07314E-09   1.00794E-04   1.00000E+00   3.79118E-02
   2.96850E+02   3.30953E-09   9.58116E-05   1.00000E+00   3.97089E-02
   2.91850E+02   2.67922E-09   8.91016E-05   1.00000E+00   2.88835E-02
   2.86850E+02   2.16079E-09   7.59432E-05   1.00000E+00   3.95586E-02
   2.81850E+02   1.73593E-09   7.33074E-05   1.00000E+00   3.08171E-06
   2.76850E+02   1.38907E-09   6.97935E-05   1.00000E+00   4.11551E-02
   2.71850E+02   1.10698E-09   6.18056E-05   1.00000E+00   3.94142E-02
   2.66850E+02   8.78481E-10   2.24932E-05   1.00000E+00   4.11258E-02
   2.61850E+02   6.94140E-10   5.71761E-05   1.00000E+00   4.20437E-02
   2.56850E+02   5.46049E-10   6.62532E-06   1.00000E+00   4.24700E-02
   2.51850E+02   4.27594E-10   5.29315E-05   1.00000E+00   4.13517E-02
   2.46850E+02   3.33265E-10   5.03540E-05   1.00000E+00   4.29275E-02
   2.41850E+02   2.58491E-10   2.49617E-05   1.00000E+00   4.33461E-02
   2.36850E+02   1.99498E-10   9.89536E-06   1.00000E+00   3.22175E-02
   2.31850E+02   1.53181E-10   2.29357E-05   1.00000E+00   4.38693E-02
   2.26850E+02   1.16997E-10   1.22110E-05   1.00000E+00   3.99304E-02
   2.21850E+02   8.88754E-11   3.25884E-05   1.00000E+00   4.27152E-02
   2.16850E+02   6.71355E-11   3.23385E-05   1.00000E+00   4.39778E-02
   2.11850E+02   5.04210E-11   3.96734E-05   1.00000E+00   4.47790E-02
   2.06850E+02   3.76426E-11   2.17591E-05   1.00000E+00   1.54800E-08
   2.01850E+02   2.79303E-11   2.69474E-05   1.00000E+00   4.69292E-11
   1.96850E+02   2.05928E-11   8.21318E-05   1.00000E+00   3.78991E-02
   1.91850E+02   1.50837E-11   2.17701E-05   1.00000E+00   5.30916E-03
   1.86850E+02   1.09739E-11   2.17850E-05   1.00000E+00   3.27714E-02
   1.86108E+02   1.04616E-11   1.83984E-05   1.00000E+00   4.60436E-02

 Phase Region for:
     BCC_A2                        
     CEMENTITE                     
     GRAPHITE                      
 col-1=TEMP_C, col-2=W(BCC_A2,C), col-3=W(FCC_A1,C), col-4=W(GRAPHITE,C),
   col-5=W(LIQUID,C),
   1.86108E+02   1.04616E-11   2.06484E-05   1.00000E+00   4.56914E-02
   1.81850E+02   7.91112E-12   1.96550E-05   1.00000E+00   4.35309E-02
   1.76850E+02   5.66015E-12   1.69579E-05   1.00000E+00   4.54429E-02
   1.71850E+02   4.01969E-12   8.13175E-05   1.00000E+00   5.14603E-06
   1.66850E+02   2.83284E-12   1.24991E-05   1.00000E+00   1.05476E-06
   1.61850E+02   1.98062E-12   1.12732E-05   1.00000E+00   4.64736E-02
   1.56850E+02   1.37343E-12   9.76037E-06   1.00000E+00   4.60329E-02
   1.51850E+02   9.44315E-13   8.41865E-06   1.00000E+00   3.53172E-11
   1.46850E+02   6.43569E-13   2.56827E-05   1.00000E+00   4.65829E-02
   1.41850E+02   4.34615E-13   1.52333E-05   1.00000E+00   4.57086E-02
   1.36850E+02   2.90735E-13   3.56958E-05   1.00000E+00   4.60591E-02
   1.31850E+02   1.92585E-13   4.47369E-06   1.00000E+00   4.62965E-02
   1.26850E+02   1.26275E-13   3.77837E-06   1.00000E+00   5.56962E-02
   1.21850E+02   8.19244E-14   3.19954E-06   1.00000E+00   4.64026E-02
   1.16850E+02   5.25694E-14   3.70821E-06   1.00000E+00   4.64550E-02
   1.11850E+02   3.33494E-14   2.16558E-06   1.00000E+00   4.64906E-02
   1.06850E+02   2.09066E-14   1.31136E-05   1.00000E+00   8.31570E-10
   1.01850E+02   1.32288E-14   1.09725E-05   1.00000E+00   3.44026E-02
   9.68500E+01   1.32288E-14   9.13874E-06   1.00000E+00   4.43836E-02
   9.18500E+01   1.32288E-14   1.00375E-06   1.00000E+00   4.64626E-02
   8.68500E+01   1.32288E-14   8.11956E-07   1.00000E+00   4.66606E-02
   8.18500E+01   1.32288E-14   6.44546E-07   1.00000E+00   4.67537E-02
   7.68500E+01   1.32288E-14   5.23946E-06   1.00000E+00   4.68003E-02
   7.18500E+01   1.32288E-14   4.12511E-07   1.00000E+00   4.68402E-02
   6.68500E+01   1.32288E-14   3.55651E-06   1.00000E+00   4.62665E-11
   6.18500E+01   1.32288E-14   2.73062E-10   1.00000E+00   3.56608E-02
   5.68500E+01   1.32288E-14   1.96502E-07   1.00000E+00   4.39099E-02
   5.18500E+01   1.32288E-14   1.74472E-07   1.00000E+00   2.84904E-02
   4.68500E+01   1.32288E-14   9.45106E-07   1.00000E+00   4.62013E-02
   4.18500E+01   1.32288E-14   8.61107E-08   1.00000E+00   4.66415E-02
   3.68500E+01   1.32288E-14   6.47965E-08   1.00000E+00   4.71101E-02
   3.18500E+01   1.32288E-14   7.64051E-07   1.00000E+00   4.71326E-02
   2.68500E+01   1.32288E-14   3.51023E-08   1.00000E+00   4.71666E-02
   2.18500E+01   1.32288E-14   2.54179E-08   1.00000E+00   4.72003E-02
   1.68500E+01   1.32288E-14   1.80899E-08   1.00000E+00   4.72411E-02
   1.18500E+01   1.32288E-14   1.72961E-07   1.00000E+00   4.02922E-02
   6.85000E+00   1.32288E-14   2.84350E-13   1.00000E+00   3.68635E-11
   1.85000E+00   1.32288E-14   6.10127E-09   1.00000E+00   3.79430E-02
  -3.15000E+00   1.32288E-14   4.19204E-09   1.00000E+00   4.16342E-02
  -8.15000E+00   1.32288E-14   2.81021E-09   1.00000E+00   1.11169E-02
  -1.31500E+01   1.32288E-14   1.42492E-09   1.00000E+00   4.03302E-02
  -1.81500E+01   1.32288E-14   1.40387E-08   1.00000E+00   4.29855E-02
  -2.31500E+01   1.32288E-14   1.17239E-07   1.00000E+00   4.08185E-02
  -2.81500E+01   1.32288E-14   6.36552E-08   1.00000E+00   2.28762E-10
  -3.31500E+01   1.32288E-14   7.53504E-14   1.00000E+00   2.98494E-02
  -3.81500E+01   1.32288E-14   4.02408E-09   1.00000E+00   4.75650E-02
  -4.31500E+01   1.32288E-14   3.06409E-14   1.00000E+00   4.67778E-02
  -4.81500E+01   1.32288E-14   1.78215E-08   1.00000E+00   4.74876E-02
  -5.31500E+01   1.32288E-14   9.11437E-12   1.00000E+00   4.75083E-02
  -5.81500E+01   1.32288E-14   4.30296E-15   1.00000E+00   4.76746E-02
  -6.31500E+01   1.32288E-14   4.09937E-13   1.00000E+00   4.76988E-02
  -6.81500E+01   1.32288E-14   1.01110E-09   1.00000E+00   4.77276E-02
  -7.31499E+01   1.32288E-14   4.66238E-14   1.00000E+00   4.77537E-02

 Phase Region for:
     FCC_A1                        
     GRAPHITE                      
 col-1=TEMP_C, col-2=W(BCC_A2,C), col-3=W(FCC_A1,C), col-4=W(GRAPHITE,C),
   col-5=W(LIQUID,C),
   8.79850E+02   4.77380E-04   7.51857E-03   1.00000E+00   3.20290E-02
   8.84850E+02   5.01738E-04   7.65196E-03   1.00000E+00   3.21100E-02
   8.89850E+02   5.27111E-04   7.78623E-03   1.00000E+00   3.21906E-02
   8.94850E+02   5.53530E-04   7.92136E-03   1.00000E+00   3.22709E-02
   8.99850E+02   5.81025E-04   8.05734E-03   1.00000E+00   3.23508E-02
   9.04850E+02   6.09630E-04   8.19415E-03   1.00000E+00   3.24303E-02
   9.09850E+02   6.39377E-04   8.33178E-03   1.00000E+00   3.25094E-02
   9.14850E+02   6.70299E-04   8.47022E-03   1.00000E+00   3.25882E-02
   9.19850E+02   7.02430E-04   8.60945E-03   1.00000E+00   3.26667E-02
   9.24850E+02   7.35805E-04   8.74945E-03   1.00000E+00   3.27448E-02
   9.29850E+02   7.70457E-04   8.89023E-03   1.00000E+00   3.28226E-02
   9.34850E+02   8.06422E-04   9.03175E-03   1.00000E+00   3.29001E-02
   9.39850E+02   8.43735E-04   9.17401E-03   1.00000E+00   3.29773E-02
   9.44850E+02   8.82433E-04   9.31700E-03   1.00000E+00   3.30541E-02
   9.49850E+02   9.22551E-04   9.46070E-03   1.00000E+00   3.31307E-02
   9.54850E+02   9.64126E-04   9.60509E-03   1.00000E+00   3.32069E-02
   9.59850E+02   1.00720E-03   9.75018E-03   1.00000E+00   3.32829E-02
   9.64850E+02   1.05180E-03   9.89593E-03   1.00000E+00   3.33586E-02
   9.69850E+02   1.09797E-03   1.00424E-02   1.00000E+00   3.34340E-02
   9.74850E+02   1.14574E-03   1.01894E-02   1.00000E+00   3.35091E-02
   9.79850E+02   1.19517E-03   1.03371E-02   1.00000E+00   3.35840E-02
   9.84850E+02   1.24627E-03   1.04854E-02   1.00000E+00   3.36586E-02
   9.89850E+02   1.29910E-03   1.06344E-02   1.00000E+00   3.37330E-02
   9.94850E+02   1.35369E-03   1.07839E-02   1.00000E+00   3.38071E-02
   9.99850E+02   1.41008E-03   1.09340E-02   1.00000E+00   3.38810E-02
   1.00485E+03   1.46831E-03   1.10847E-02   1.00000E+00   3.39546E-02
   1.00985E+03   1.52842E-03   1.12359E-02   1.00000E+00   3.40280E-02
   1.01485E+03   1.59045E-03   1.13877E-02   1.00000E+00   3.41012E-02
   1.01985E+03   1.65443E-03   1.15401E-02   1.00000E+00   3.41741E-02
   1.02485E+03   1.72041E-03   1.16930E-02   1.00000E+00   3.42469E-02
   1.02985E+03   1.78843E-03   1.18463E-02   1.00000E+00   3.43194E-02
   1.03485E+03   1.85853E-03   1.20002E-02   1.00000E+00   3.43917E-02
   1.03985E+03   1.93074E-03   1.21546E-02   1.00000E+00   3.44638E-02
   1.04485E+03   2.00510E-03   1.23095E-02   1.00000E+00   3.45357E-02
   1.04985E+03   2.08165E-03   1.24648E-02   1.00000E+00   3.46074E-02
   1.05485E+03   2.16044E-03   1.26206E-02   1.00000E+00   3.46789E-02
   1.05985E+03   2.24150E-03   1.27768E-02   1.00000E+00   3.47502E-02
   1.06485E+03   2.32486E-03   1.29335E-02   1.00000E+00   3.48213E-02
   1.06985E+03   2.41057E-03   1.30906E-02   1.00000E+00   3.48923E-02
   1.07485E+03   2.49867E-03   1.32481E-02   1.00000E+00   3.49631E-02
   1.07985E+03   2.58918E-03   1.34060E-02   1.00000E+00   3.50337E-02
   1.08485E+03   2.68215E-03   1.35644E-02   1.00000E+00   3.51041E-02
   1.08985E+03   2.77761E-03   1.37231E-02   1.00000E+00   3.51744E-02
   1.09485E+03   2.87560E-03   1.38822E-02   1.00000E+00   3.52445E-02
   1.09985E+03   2.97615E-03   1.40417E-02   1.00000E+00   3.53144E-02
   1.10485E+03   3.07930E-03   1.42015E-02   1.00000E+00   3.53842E-02
   1.10985E+03   3.18508E-03   1.43616E-02   1.00000E+00   3.54539E-02
   1.11485E+03   3.29351E-03   1.45222E-02   1.00000E+00   3.55234E-02
   1.11985E+03   3.40464E-03   1.46830E-02   1.00000E+00   3.55927E-02
   1.12485E+03   3.51850E-03   1.48442E-02   1.00000E+00   3.56619E-02
   1.12985E+03   3.63511E-03   1.50056E-02   1.00000E+00   3.57310E-02
   1.13485E+03   3.75450E-03   1.51674E-02   1.00000E+00   3.57999E-02
   1.13985E+03   3.87670E-03   1.53295E-02   1.00000E+00   3.58688E-02
   1.14485E+03   4.00174E-03   1.54919E-02   1.00000E+00   3.59374E-02
   1.14985E+03   4.12964E-03   1.56545E-02   1.00000E+00   3.60060E-02
   1.15485E+03   4.26043E-03   1.58174E-02   1.00000E+00   3.60744E-02
   1.15780E+03   4.33903E-03   1.59137E-02   1.00000E+00   3.61147E-02

 Phase Region for:
     LIQUID                        
     FCC_A1                        
     GRAPHITE                      
 col-1=TEMP_C, col-2=W(BCC_A2,C), col-3=W(FCC_A1,C), col-4=W(GRAPHITE,C),
   col-5=W(LIQUID,C),
   1.15780E+03   4.33903E-03   1.59137E-02   1.00000E+00   3.61147E-02
   1.15924E+03   4.19291E-03   1.54685E-02   1.00000E+00   3.54483E-02

 Phase Region for:
     LIQUID                        
     FCC_A1                        
 col-1=TEMP_C, col-2=W(BCC_A2,C), col-3=W(FCC_A1,C), col-4=W(GRAPHITE,C),
   col-5=W(LIQUID,C),
   1.15924E+03   4.19291E-03   1.54685E-02   1.00000E+00   3.54483E-02
   1.15985E+03   4.19165E-03   1.54357E-02   1.00000E+00   3.53870E-02
   1.16369E+03   4.18324E-03   1.52289E-02   1.00000E+00   3.50000E-02

 Phase Region for:
     LIQUID                        
 col-1=TEMP_C, col-2=W(BCC_A2,C), col-3=W(FCC_A1,C), col-4=W(GRAPHITE,C),
   col-5=W(LIQUID,C),
   1.16369E+03   4.18324E-03   1.52289E-02   1.00000E+00   3.50000E-02
   1.16485E+03   4.20686E-03   1.52458E-02   1.00000E+00   3.50000E-02
   1.16985E+03   4.30940E-03   1.53182E-02   1.00000E+00   3.50000E-02
   1.17485E+03   4.41343E-03   1.53904E-02   1.00000E+00   3.50000E-02
   1.17985E+03   4.51896E-03   1.54623E-02   1.00000E+00   3.50000E-02
   1.18485E+03   4.62598E-03   1.55339E-02   1.00000E+00   3.50000E-02
   1.18985E+03   4.73448E-03   1.56053E-02   1.00000E+00   3.50000E-02
   1.19485E+03   4.84446E-03   1.56764E-02   1.00000E+00   3.50000E-02
   1.19985E+03   4.95590E-03   1.57473E-02   1.00000E+00   3.50000E-02
   1.20485E+03   5.06880E-03   1.58179E-02   1.00000E+00   3.50000E-02
   1.20985E+03   5.18315E-03   1.58882E-02   1.00000E+00   3.50000E-02
   1.21485E+03   5.29894E-03   1.59583E-02   1.00000E+00   3.50000E-02
   1.21985E+03   5.41616E-03   1.60281E-02   1.00000E+00   3.50000E-02
   1.22485E+03   5.53479E-03   1.60976E-02   1.00000E+00   3.50000E-02
   1.22985E+03   5.65484E-03   1.61669E-02   1.00000E+00   3.50000E-02
   1.23485E+03   5.77627E-03   1.62359E-02   1.00000E+00   3.50000E-02
   1.23985E+03   5.89909E-03   1.63047E-02   1.00000E+00   3.50000E-02
   1.24485E+03   6.02328E-03   1.63732E-02   1.00000E+00   3.50000E-02
   1.24985E+03   6.14882E-03   1.64414E-02   1.00000E+00   3.50000E-02
   1.25485E+03   6.27569E-03   1.65094E-02   1.00000E+00   3.50000E-02
   1.25985E+03   6.40390E-03   1.65771E-02   1.00000E+00   3.50000E-02
   1.26485E+03   6.53341E-03   1.66446E-02   1.00000E+00   3.50000E-02
   1.26985E+03   6.66421E-03   1.67118E-02   1.00000E+00   3.50000E-02
   1.27485E+03   6.79629E-03   1.67788E-02   1.00000E+00   3.50000E-02
   1.27985E+03   6.92963E-03   1.68454E-02   1.00000E+00   3.50000E-02
   1.28485E+03   7.06421E-03   1.69119E-02   1.00000E+00   3.50000E-02
   1.28985E+03   7.20001E-03   1.69780E-02   1.00000E+00   3.50000E-02
   1.29485E+03   7.33702E-03   1.70440E-02   1.00000E+00   3.50000E-02
   1.29985E+03   7.47521E-03   1.71096E-02   1.00000E+00   3.50000E-02
   1.30485E+03   7.61458E-03   1.71750E-02   1.00000E+00   3.50000E-02
   1.30985E+03   7.75509E-03   1.72402E-02   1.00000E+00   3.50000E-02
   1.31485E+03   7.89673E-03   1.73051E-02   1.00000E+00   3.50000E-02
   1.31985E+03   8.03947E-03   1.73697E-02   1.00000E+00   3.50000E-02
   1.32485E+03   8.18331E-03   1.74341E-02   1.00000E+00   3.50000E-02
   1.32985E+03   8.32821E-03   1.74982E-02   1.00000E+00   3.50000E-02
   1.33485E+03   8.47416E-03   1.75621E-02   1.00000E+00   3.50000E-02
   1.33985E+03   8.62114E-03   1.76258E-02   1.00000E+00   3.50000E-02
   1.34485E+03   8.76912E-03   1.76891E-02   1.00000E+00   3.50000E-02
   1.34985E+03   8.91809E-03   1.77523E-02   1.00000E+00   3.50000E-02
   1.35485E+03   9.06802E-03   1.78152E-02   1.00000E+00   3.50000E-02
   1.35985E+03   9.21889E-03   1.78778E-02   1.00000E+00   3.50000E-02
   1.36485E+03   9.37068E-03   1.79402E-02   1.00000E+00   3.50000E-02
   1.36985E+03   9.52337E-03   1.80023E-02   1.00000E+00   3.50000E-02
   1.37485E+03   9.67694E-03   1.80642E-02   1.00000E+00   3.50000E-02
   1.37985E+03   9.83136E-03   1.81259E-02   1.00000E+00   3.50000E-02
   1.38485E+03   9.98661E-03   1.81873E-02   1.00000E+00   3.50000E-02
   1.38985E+03   1.01427E-02   1.82484E-02   1.00000E+00   3.50000E-02
   1.39485E+03   1.02995E-02   1.83094E-02   1.00000E+00   3.50000E-02
   1.39985E+03   1.04572E-02   1.83700E-02   1.00000E+00   3.50000E-02
   1.40485E+03   1.06155E-02   1.84305E-02   1.00000E+00   3.50000E-02
   1.40985E+03   1.07746E-02   1.84907E-02   1.00000E+00   3.50000E-02
   1.41485E+03   1.09344E-02   1.85506E-02   1.00000E+00   3.50000E-02
   1.41985E+03   1.10949E-02   1.86103E-02   1.00000E+00   3.50000E-02
   1.42485E+03   1.12560E-02   1.86698E-02   1.00000E+00   3.50000E-02
   1.42985E+03   1.14178E-02   1.87290E-02   1.00000E+00   3.50000E-02
   1.43485E+03   1.15802E-02   1.87880E-02   1.00000E+00   3.50000E-02
   1.43985E+03   1.17432E-02   1.88468E-02   1.00000E+00   3.50000E-02
   1.44485E+03   1.19068E-02   1.89053E-02   1.00000E+00   3.50000E-02
   1.44985E+03   1.20709E-02   1.89636E-02   1.00000E+00   3.50000E-02
   1.45485E+03   1.22356E-02   1.90217E-02   1.00000E+00   3.50000E-02
   1.45985E+03   1.24008E-02   1.90795E-02   1.00000E+00   3.50000E-02
   1.46485E+03   1.25665E-02   1.91371E-02   1.00000E+00   3.50000E-02
   1.46985E+03   1.27327E-02   1.91945E-02   1.00000E+00   3.50000E-02
   1.47485E+03   1.28993E-02   1.92517E-02   1.00000E+00   3.50000E-02
   1.47985E+03   1.30663E-02   1.93086E-02   1.00000E+00   3.50000E-02
   1.48485E+03   1.32338E-02   1.93653E-02   1.00000E+00   3.50000E-02
   1.48985E+03   1.34017E-02   1.94218E-02   1.00000E+00   3.50000E-02
   1.49485E+03   1.35700E-02   1.94780E-02   1.00000E+00   3.50000E-02
   1.49985E+03   1.37386E-02   1.95340E-02   1.00000E+00   3.50000E-02
   1.50485E+03   1.39076E-02   1.95898E-02   1.00000E+00   3.50000E-02
   1.50985E+03   1.40769E-02   1.96454E-02   1.00000E+00   3.50000E-02
   1.51485E+03   1.42465E-02   1.97008E-02   1.00000E+00   3.50000E-02
   1.51985E+03   1.44164E-02   1.97559E-02   1.00000E+00   3.50000E-02
   1.52485E+03   1.45866E-02   1.98109E-02   1.00000E+00   3.50000E-02
   1.52985E+03   1.47571E-02   1.98656E-02   1.00000E+00   3.50000E-02
   1.53485E+03   1.49278E-02   1.99201E-02   1.00000E+00   3.50000E-02
   1.53985E+03   1.50987E-02   1.99744E-02   1.00000E+00   3.50000E-02
   1.53985E+03   1.50987E-02   1.99744E-02   1.00000E+00   3.50000E-02
   1.54485E+03   1.52698E-02   2.00284E-02   1.00000E+00   3.50000E-02
   1.54985E+03   1.54412E-02   2.00823E-02   1.00000E+00   3.50000E-02
   1.55485E+03   1.56127E-02   2.01359E-02   1.00000E+00   3.50000E-02
   1.55985E+03   1.57844E-02   2.01894E-02   1.00000E+00   3.50000E-02
   1.56485E+03   1.59562E-02   2.02426E-02   1.00000E+00   3.50000E-02
   1.56985E+03   1.61282E-02   2.02956E-02   1.00000E+00   3.50000E-02
   1.57485E+03   1.63003E-02   2.03484E-02   1.00000E+00   3.50000E-02
   1.57985E+03   1.64726E-02   2.04010E-02   1.00000E+00   3.50000E-02
   1.58485E+03   1.66449E-02   2.04535E-02   1.00000E+00   3.50000E-02
   1.58985E+03   1.68173E-02   2.05057E-02   1.00000E+00   3.50000E-02
   1.59485E+03   1.69898E-02   2.05577E-02   1.00000E+00   3.50000E-02
   1.59985E+03   1.71623E-02   2.06095E-02   1.00000E+00   3.50000E-02
   1.60485E+03   1.73349E-02   2.06611E-02   1.00000E+00   3.50000E-02
   1.60985E+03   1.75075E-02   2.07126E-02   1.00000E+00   3.50000E-02
   1.61485E+03   1.76802E-02   2.07638E-02   1.00000E+00   3.50000E-02
   1.61985E+03   1.78528E-02   2.08148E-02   1.00000E+00   3.50000E-02
   1.62485E+03   1.80255E-02   2.08657E-02   1.00000E+00   3.50000E-02
   1.62985E+03   1.81981E-02   2.09164E-02   1.00000E+00   3.50000E-02
   1.63485E+03   1.83708E-02   2.09669E-02   1.00000E+00   3.50000E-02
   1.63985E+03   1.85434E-02   2.10171E-02   1.00000E+00   3.50000E-02
   1.64485E+03   1.87159E-02   2.10673E-02   1.00000E+00   3.50000E-02
   1.64985E+03   1.88885E-02   2.11172E-02   1.00000E+00   3.50000E-02
   1.65485E+03   1.90609E-02   2.11669E-02   1.00000E+00   3.50000E-02
   1.65985E+03   1.92333E-02   2.12165E-02   1.00000E+00   3.50000E-02
   1.66485E+03   1.94056E-02   2.12659E-02   1.00000E+00   3.50000E-02
   1.66985E+03   1.95778E-02   2.13151E-02   1.00000E+00   3.50000E-02
   1.67485E+03   1.97499E-02   2.13641E-02   1.00000E+00   3.50000E-02
   1.67985E+03   1.99219E-02   2.14129E-02   1.00000E+00   3.50000E-02
   1.68485E+03   2.00938E-02   2.14616E-02   1.00000E+00   3.50000E-02
   1.68985E+03   2.02656E-02   2.15101E-02   1.00000E+00   3.50000E-02
   1.69485E+03   2.04372E-02   2.15584E-02   1.00000E+00   3.50000E-02
   1.69985E+03   2.06087E-02   2.16066E-02   1.00000E+00   3.50000E-02
   1.70485E+03   2.07800E-02   2.16545E-02   1.00000E+00   3.50000E-02
   1.70985E+03   2.09512E-02   2.17023E-02   1.00000E+00   3.50000E-02
   1.71485E+03   2.11222E-02   2.17500E-02   1.00000E+00   3.50000E-02
   1.71985E+03   2.12931E-02   2.17974E-02   1.00000E+00   3.50000E-02
   1.72485E+03   2.14638E-02   2.18447E-02   1.00000E+00   3.50000E-02
   1.72685E+03   2.15320E-02   2.18636E-02   1.00000E+00   3.50000E-02

 Phase Region for:
     FCC_A1                        
     GRAPHITE                      
 col-1=TEMP_C, col-2=W(BCC_A2,C), col-3=W(FCC_A1,C), col-4=W(GRAPHITE,C),
   col-5=W(LIQUID,C),
   8.79850E+02   4.77380E-04   7.51857E-03   1.00000E+00   3.20290E-02
   8.74850E+02   4.54004E-04   7.38606E-03   1.00000E+00   3.19476E-02
   8.69850E+02   4.31582E-04   7.25445E-03   1.00000E+00   3.18658E-02
   8.64850E+02   4.10084E-04   7.12377E-03   1.00000E+00   3.17835E-02
   8.59850E+02   3.89480E-04   6.99401E-03   1.00000E+00   3.17009E-02
   8.54850E+02   3.69742E-04   6.86520E-03   1.00000E+00   3.16178E-02
   8.49850E+02   3.50842E-04   6.73734E-03   1.00000E+00   3.15343E-02
   8.44850E+02   3.32753E-04   6.61046E-03   1.00000E+00   3.14503E-02
   8.39850E+02   3.15448E-04   6.48457E-03   1.00000E+00   3.13659E-02
   8.34850E+02   2.98900E-04   6.35967E-03   1.00000E+00   3.12810E-02
   8.29850E+02   2.83084E-04   6.23579E-03   1.00000E+00   3.11956E-02
   8.24850E+02   2.67974E-04   6.11294E-03   1.00000E+00   3.11097E-02
   8.19850E+02   2.53546E-04   5.99113E-03   1.00000E+00   3.10233E-02
   8.15329E+02   2.41067E-04   5.88190E-03   1.00000E+00   3.09448E-02

 Phase Region for:
     BCC_A2                        
     FCC_A1                        
     GRAPHITE                      
 col-1=TEMP_C, col-2=W(BCC_A2,C), col-3=W(FCC_A1,C), col-4=W(GRAPHITE,C),
   col-5=W(LIQUID,C),
   8.15329E+02   2.41067E-04   5.88190E-03   1.00000E+00   3.09448E-02
   8.14850E+02   2.40409E-04   5.88154E-03   1.00000E+00   3.09667E-02
   8.09850E+02   2.33595E-04   5.87722E-03   1.00000E+00   3.11976E-02
   8.04850E+02   2.26853E-04   5.87084E-03   1.00000E+00   3.14312E-02
   7.99850E+02   2.20109E-04   5.86061E-03   1.00000E+00   3.16655E-02
   7.94850E+02   2.13266E-04   5.84400E-03   1.00000E+00   3.18980E-02
   7.89850E+02   2.06196E-04   5.81766E-03   1.00000E+00   3.21248E-02
   7.84850E+02   1.98753E-04   5.77777E-03   1.00000E+00   3.23416E-02
   7.83122E+02   1.96071E-04   5.76020E-03   1.00000E+00   3.24135E-02

 Phase Region for:
     BCC_A2                        
     GRAPHITE                      
 col-1=TEMP_C, col-2=W(BCC_A2,C), col-3=W(FCC_A1,C), col-4=W(GRAPHITE,C),
   col-5=W(LIQUID,C),
   7.83122E+02   1.96071E-04   5.76020E-03   1.00000E+00   3.24135E-02
   7.79850E+02   1.88408E-04   5.67319E-03   1.00000E+00   3.23623E-02
   7.74850E+02   1.77187E-04   5.54118E-03   1.00000E+00   3.22840E-02
   7.69850E+02   1.66532E-04   5.41031E-03   1.00000E+00   3.22054E-02
   7.64850E+02   1.56422E-04   5.28060E-03   1.00000E+00   3.21266E-02
   7.59850E+02   1.46834E-04   5.15207E-03   1.00000E+00   3.20477E-02
   7.54850E+02   1.37746E-04   5.02471E-03   1.00000E+00   3.19685E-02
   7.49850E+02   1.29138E-04   4.89854E-03   1.00000E+00   3.18892E-02
   7.44850E+02   1.20990E-04   4.77356E-03   1.00000E+00   3.18097E-02
   7.39850E+02   1.13281E-04   4.64978E-03   1.00000E+00   3.17301E-02
   7.34850E+02   1.05992E-04   4.52721E-03   1.00000E+00   3.16504E-02
   7.29850E+02   9.91040E-05   4.40433E-03   1.00000E+00   3.15681E-02
   7.24850E+02   9.25985E-05   4.28127E-03   1.00000E+00   3.14835E-02
   7.19850E+02   8.64602E-05   4.16024E-03   1.00000E+00   3.14006E-02
   7.14850E+02   8.06722E-05   4.04125E-03   1.00000E+00   3.13193E-02
   7.09850E+02   7.52182E-05   3.92428E-03   1.00000E+00   3.12397E-02
   7.04850E+02   7.00823E-05   3.80935E-03   1.00000E+00   3.11616E-02
   6.99850E+02   6.52492E-05   3.69644E-03   1.00000E+00   3.10852E-02
   6.94850E+02   6.07042E-05   3.58555E-03   1.00000E+00   3.10104E-02
   6.89850E+02   5.64333E-05   3.47669E-03   1.00000E+00   3.09373E-02
   6.84850E+02   5.24226E-05   3.36983E-03   1.00000E+00   3.08659E-02
   6.79850E+02   4.86590E-05   3.26499E-03   1.00000E+00   3.07962E-02
   6.74850E+02   4.51300E-05   3.16215E-03   1.00000E+00   3.07282E-02
   6.69850E+02   4.18233E-05   3.06131E-03   1.00000E+00   3.06619E-02
   6.64850E+02   3.87274E-05   2.96246E-03   1.00000E+00   3.05974E-02
   6.59850E+02   3.58309E-05   2.86560E-03   1.00000E+00   3.05347E-02
   6.54850E+02   3.31232E-05   2.77071E-03   1.00000E+00   3.04738E-02
   6.49850E+02   3.05940E-05   2.67778E-03   1.00000E+00   3.04148E-02
   6.44850E+02   2.82334E-05   2.58681E-03   1.00000E+00   3.03577E-02
   6.39850E+02   2.60319E-05   2.49779E-03   1.00000E+00   3.03026E-02
   6.34850E+02   2.39806E-05   2.41071E-03   1.00000E+00   3.02495E-02
   6.29850E+02   2.20708E-05   2.32555E-03   1.00000E+00   3.01984E-02
   6.24850E+02   2.02943E-05   2.24230E-03   1.00000E+00   3.01495E-02
   6.19850E+02   1.86432E-05   2.16095E-03   1.00000E+00   3.01027E-02
   6.14850E+02   1.71101E-05   2.08148E-03   1.00000E+00   3.00581E-02
   6.09850E+02   1.56878E-05   2.00388E-03   1.00000E+00   3.00158E-02
   6.04850E+02   1.43695E-05   1.92814E-03   1.00000E+00   2.99759E-02
   5.99850E+02   1.31487E-05   1.85423E-03   1.00000E+00   2.99384E-02
   5.94850E+02   1.20193E-05   1.78213E-03   1.00000E+00   2.99035E-02
   5.89850E+02   1.09755E-05   1.71184E-03   1.00000E+00   2.98711E-02
   5.84850E+02   1.00117E-05   1.64332E-03   1.00000E+00   2.98414E-02
   5.79850E+02   9.12272E-06   1.57657E-03   1.00000E+00   2.98144E-02
   5.74850E+02   8.30355E-06   1.51155E-03   1.00000E+00   2.97904E-02
   5.69850E+02   7.54951E-06   1.44825E-03   1.00000E+00   2.97692E-02
   5.64850E+02   6.85614E-06   1.38664E-03   1.00000E+00   2.97512E-02
   5.59850E+02   6.21926E-06   1.32669E-03   1.00000E+00   2.97363E-02
   5.54850E+02   5.63489E-06   1.26838E-03   1.00000E+00   2.97247E-02
   5.49850E+02   5.09932E-06   1.21168E-03   1.00000E+00   2.97164E-02
   5.44850E+02   4.60902E-06   1.15657E-03   1.00000E+00   2.97118E-02
   5.39850E+02   4.16069E-06   1.10301E-03   1.00000E+00   2.97107E-02
   5.34850E+02   3.75121E-06   1.05096E-03   1.00000E+00   2.97134E-02
   5.29850E+02   3.37767E-06   1.00040E-03   1.00000E+00   2.97201E-02
   5.24850E+02   3.03733E-06   9.51287E-04   1.00000E+00   2.97308E-02
   5.19850E+02   2.72763E-06   9.03574E-04   1.00000E+00   2.97457E-02
   5.14850E+02   2.44617E-06   8.57219E-04   1.00000E+00   2.97649E-02
   5.09850E+02   2.19071E-06   8.12172E-04   1.00000E+00   2.97887E-02
   5.04850E+02   1.95914E-06   7.68375E-04   1.00000E+00   2.98171E-02
   4.99850E+02   1.74953E-06   7.25764E-04   1.00000E+00   2.98503E-02
   4.94850E+02   1.56004E-06   6.84259E-04   1.00000E+00   2.98885E-02
   4.89850E+02   1.38898E-06   6.43765E-04   1.00000E+00   2.99319E-02
   4.84850E+02   1.23479E-06   6.04163E-04   1.00000E+00   2.99806E-02
   4.79850E+02   1.09600E-06   5.65291E-04   1.00000E+00   3.00348E-02
   4.74850E+02   9.71268E-07   5.26925E-04   1.00000E+00   3.00946E-02
   4.69850E+02   8.59329E-07   4.88720E-04   1.00000E+00   3.01603E-02
   4.64850E+02   7.59032E-07   4.50095E-04   1.00000E+00   3.02320E-02
   4.59850E+02   6.69306E-07   4.09886E-04   1.00000E+00   3.03098E-02
   4.54850E+02   5.89169E-07   3.64926E-04   1.00000E+00   3.03939E-02
   4.49850E+02   5.17713E-07   2.51607E-04   1.00000E+00   3.04844E-02
   4.44850E+02   4.54105E-07   5.44334E-04   1.00000E+00   3.05815E-02
   4.39850E+02   3.97581E-07   3.63792E-04   1.00000E+00   3.06853E-02
   4.34850E+02   3.47440E-07   5.33994E-05   1.00000E+00   3.07958E-02
   4.29850E+02   3.03041E-07   2.62586E-04   1.00000E+00   3.09132E-02
   4.24850E+02   2.63799E-07   1.31563E-04   1.00000E+00   3.10374E-02
   4.19850E+02   2.29179E-07   5.06301E-06   1.00000E+00   3.11686E-02
   4.14850E+02   1.98696E-07   2.25450E-04   1.00000E+00   3.13066E-02
   4.09850E+02   1.71909E-07   5.77389E-14   1.00000E+00   3.14513E-02
   4.04850E+02   1.48415E-07   1.01513E-04   1.00000E+00   3.16026E-02
   4.04850E+02   1.48415E-07   1.01513E-04   1.00000E+00   3.16026E-02
   3.99850E+02   1.27853E-07   3.37205E-04   1.00000E+00   3.17603E-02
   3.94850E+02   1.09894E-07   3.24887E-04   1.00000E+00   3.19240E-02
   3.89850E+02   9.42420E-08   3.07231E-04   1.00000E+00   3.20934E-02
   3.84850E+02   8.06310E-08   2.86584E-04   1.00000E+00   3.22680E-02
   3.79850E+02   6.88213E-08   1.10976E-04   1.00000E+00   3.24470E-02
   3.74850E+02   5.85980E-08   1.93047E-04   1.00000E+00   3.26296E-02
   3.69850E+02   4.97687E-08   2.20644E-04   1.00000E+00   3.28149E-02
   3.64850E+02   4.21618E-08   2.29557E-04   1.00000E+00   3.30016E-02
   3.59850E+02   3.56241E-08   3.45462E-12   1.00000E+00   3.31880E-02
   3.54850E+02   3.00195E-08   1.88796E-04   1.00000E+00   3.33724E-02
   3.49850E+02   2.52273E-08   6.76115E-06   1.00000E+00   3.35522E-02
   3.44850E+02   2.11405E-08   7.49194E-08   1.00000E+00   3.37243E-02
   3.39850E+02   1.76648E-08   6.87723E-10   1.00000E+00   3.38845E-02
   3.34850E+02   1.47170E-08   1.58271E-04   1.00000E+00   3.40273E-02
   3.29850E+02   1.22240E-08   9.65860E-14   1.00000E+00   3.41443E-02
   3.24850E+02   1.01219E-08   5.67407E-05   1.00000E+00   3.42220E-02
   3.19850E+02   8.35465E-09   1.17234E-04   1.00000E+00   3.42354E-02
   3.14850E+02   6.87350E-09   1.11077E-04   1.00000E+00   3.41234E-02
   3.09850E+02   5.63604E-09   1.04087E-04   1.00000E+00   3.34987E-02
   3.04850E+02   4.60552E-09   9.70321E-05   1.00000E+00   3.28751E-02
   2.99850E+02   3.75019E-09   9.01614E-05   1.00000E+00   3.57520E-02
   2.94850E+02   3.04269E-09   8.57528E-05   1.00000E+00   3.98532E-02
   2.89850E+02   2.45951E-09   8.45860E-05   1.00000E+00   4.02245E-02
   2.84850E+02   1.98054E-09   3.20725E-05   1.00000E+00   3.61578E-02
   2.79850E+02   1.58862E-09   1.07962E-05   1.00000E+00   4.04583E-02
   2.74850E+02   1.26913E-09   6.15267E-14   1.00000E+00   4.12893E-02
   2.69850E+02   1.00972E-09   6.66345E-06   1.00000E+00   3.80652E-02
   2.64850E+02   7.99919E-10   5.82942E-05   1.00000E+00   4.19123E-02
   2.59850E+02   6.30950E-10   5.88274E-05   1.00000E+00   8.84071E-10
   2.54850E+02   4.95442E-10   1.67535E-05   1.00000E+00   3.73608E-02
   2.49850E+02   3.87242E-10   6.31307E-06   1.00000E+00   4.09240E-02
   2.44850E+02   3.01236E-10   7.74414E-05   1.00000E+00   4.28992E-02
   2.39850E+02   2.33188E-10   9.81590E-06   1.00000E+00   4.34534E-02
   2.34850E+02   1.79604E-10   1.29616E-05   1.00000E+00   2.31540E-08
   2.29850E+02   1.37617E-10   1.20523E-05   1.00000E+00   4.36670E-02
   2.24850E+02   1.04883E-10   3.10925E-05   1.00000E+00   4.38163E-02
   2.19850E+02   7.94962E-11   3.38332E-05   1.00000E+00   4.03282E-02
   2.14850E+02   5.99131E-11   4.75656E-05   1.00000E+00   4.46519E-02
   2.09850E+02   4.48904E-11   1.58734E-05   1.00000E+00   2.32020E-07
   2.04850E+02   3.34321E-11   1.41887E-05   1.00000E+00   4.53703E-02
   1.99850E+02   2.47439E-11   2.71044E-05   1.00000E+00   4.29713E-02
   1.94850E+02   1.81961E-11   8.29614E-05   1.00000E+00   4.51773E-02
   1.89850E+02   1.32925E-11   1.10852E-04   1.00000E+00   4.55681E-02
   1.86108E+02   1.04616E-11   7.05866E-06   1.00000E+00   1.17264E-05

 Phase Region for:
     BCC_A2                        
     CEMENTITE                     
     GRAPHITE                      
 col-1=TEMP_C, col-2=W(BCC_A2,C), col-3=W(FCC_A1,C), col-4=W(GRAPHITE,C),
   col-5=W(LIQUID,C),
   1.86108E+02   1.04616E-11   2.15671E-05   1.00000E+00   4.64014E-02
   1.84850E+02   9.63784E-12   2.09059E-05   1.00000E+00   4.57112E-02
   1.79850E+02   6.92555E-12   1.83882E-05   1.00000E+00   3.98290E-02
   1.74850E+02   4.94046E-12   1.08273E-05   1.00000E+00   1.09084E-02
   1.69850E+02   3.49793E-12   7.80302E-05   1.00000E+00   4.58352E-02
   1.64850E+02   2.45739E-12   7.22522E-05   1.00000E+00   4.54370E-02
   1.59850E+02   1.71253E-12   1.06465E-05   1.00000E+00   4.52234E-02
   1.54850E+02   1.18354E-12   1.78148E-06   1.00000E+00   4.58257E-02
   1.49850E+02   8.10916E-13   3.77940E-05   1.00000E+00   4.60699E-02
   1.44850E+02   5.50660E-13   4.35282E-05   1.00000E+00   4.61693E-02
   1.39850E+02   3.70479E-13   5.80797E-06   1.00000E+00   3.74037E-02
   1.34850E+02   2.46870E-13   4.94028E-06   1.00000E+00   4.60094E-02
   1.29850E+02   1.62870E-13   4.22792E-06   1.00000E+00   4.37838E-02
   1.24850E+02   1.06345E-13   3.51677E-06   1.00000E+00   4.49805E-02
   1.19850E+02   6.86949E-14   2.20659E-05   1.00000E+00   4.55102E-02
   1.14850E+02   4.38815E-14   5.74401E-06   1.00000E+00   3.29400E-02
   1.09850E+02   2.77075E-14   2.27666E-06   1.00000E+00   4.55037E-02
   1.04850E+02   1.72850E-14   1.69422E-06   1.00000E+00   3.47697E-02
   9.98500E+01   1.32288E-14   1.18001E-05   1.00000E+00   4.52517E-02
   9.48500E+01   1.32288E-14   9.96711E-06   1.00000E+00   4.64832E-02
   8.98500E+01   1.32288E-14   1.12360E-06   1.00000E+00   3.08748E-02
   8.48500E+01   1.32288E-14   5.04109E-06   1.00000E+00   4.38289E-02
   7.98500E+01   1.32288E-14   5.94433E-07   1.00000E+00   4.60117E-02
   7.48500E+01   1.32288E-14   4.74847E-07   1.00000E+00   7.21574E-03
   6.98500E+01   1.32288E-14   3.75300E-07   1.00000E+00   4.58240E-02
   6.48500E+01   1.32288E-14   2.94578E-07   1.00000E+00   4.60283E-02
   5.98500E+01   1.32288E-14   2.41138E-07   1.00000E+00   4.45700E-02
   5.48500E+01   1.32288E-14   9.38669E-08   1.00000E+00   4.60823E-02
   4.98500E+01   1.32288E-14   1.35323E-07   1.00000E+00   4.63179E-02
   4.48500E+01   1.32288E-14   1.40058E-06   1.00000E+00   1.07624E-02
   3.98500E+01   1.32288E-14   7.36786E-07   1.00000E+00   4.70830E-02
   3.48500E+01   1.32288E-14   3.11453E-08   1.00000E+00   4.71221E-02
   2.98500E+01   1.32288E-14   6.78200E-09   1.00000E+00   3.55124E-02
   2.68501E+01   1.32288E-14   3.50935E-08   1.00000E+00   4.61903E-02

 Phase Region for:
     BCC_A2                        
     GRAPHITE                      
 col-1=TEMP_C, col-2=W(BCC_A2,C), col-3=W(FCC_A1,C), col-4=W(GRAPHITE,C),
   col-5=W(LIQUID,C),
   7.26850E+02   9.51556E-05   4.33025E-03   1.00000E+00   3.15171E-02
   7.31850E+02   1.01813E-04   4.45413E-03   1.00000E+00   3.16023E-02
   7.36850E+02   1.08858E-04   4.57610E-03   1.00000E+00   3.16823E-02
   7.41850E+02   1.16313E-04   4.69915E-03   1.00000E+00   3.17620E-02
   7.46850E+02   1.24196E-04   4.82341E-03   1.00000E+00   3.18415E-02
   7.51850E+02   1.32525E-04   4.94886E-03   1.00000E+00   3.19209E-02
   7.56850E+02   1.41323E-04   5.07551E-03   1.00000E+00   3.20002E-02
   7.61850E+02   1.50608E-04   5.20334E-03   1.00000E+00   3.20793E-02
   7.66850E+02   1.60402E-04   5.33235E-03   1.00000E+00   3.21582E-02
   7.71850E+02   1.70727E-04   5.46252E-03   1.00000E+00   3.22369E-02
   7.76850E+02   1.81606E-04   5.59384E-03   1.00000E+00   3.23154E-02
   7.81850E+02   1.93061E-04   5.72631E-03   1.00000E+00   3.23936E-02
   7.83122E+02   1.96071E-04   5.76020E-03   1.00000E+00   3.24135E-02

 Phase Region for:
     BCC_A2                        
     FCC_A1                        
     GRAPHITE                      
 col-1=TEMP_C, col-2=W(BCC_A2,C), col-3=W(FCC_A1,C), col-4=W(GRAPHITE,C),
   col-5=W(LIQUID,C),
   7.83122E+02   1.96071E-04   5.76020E-03   1.00000E+00   3.24135E-02
   7.86850E+02   2.01784E-04   5.79559E-03   1.00000E+00   3.22564E-02
   7.91850E+02   2.09060E-04   5.82960E-03   1.00000E+00   3.20350E-02
   7.96850E+02   2.16023E-04   5.85160E-03   1.00000E+00   3.18054E-02
   8.01850E+02   2.22812E-04   5.86531E-03   1.00000E+00   3.15719E-02
   8.06850E+02   2.29545E-04   5.87374E-03   1.00000E+00   3.13375E-02
   8.11850E+02   2.36309E-04   5.87912E-03   1.00000E+00   3.11048E-02
   8.15329E+02   2.41067E-04   5.88190E-03   1.00000E+00   3.09448E-02

 Phase Region for:
     FCC_A1                        
     GRAPHITE                      
 col-1=TEMP_C, col-2=W(BCC_A2,C), col-3=W(FCC_A1,C), col-4=W(GRAPHITE,C),
   col-5=W(LIQUID,C),
   8.15329E+02   2.41067E-04   5.88190E-03   1.00000E+00   3.09448E-02
   8.16850E+02   2.45206E-04   5.91855E-03   1.00000E+00   3.09713E-02
   8.21850E+02   2.59237E-04   6.03973E-03   1.00000E+00   3.10580E-02
   8.26850E+02   2.73935E-04   6.16196E-03   1.00000E+00   3.11441E-02
   8.31850E+02   2.89324E-04   6.28522E-03   1.00000E+00   3.12298E-02
   8.36850E+02   3.05430E-04   6.40951E-03   1.00000E+00   3.13150E-02
   8.41850E+02   3.22278E-04   6.53481E-03   1.00000E+00   3.13997E-02
   8.46850E+02   3.39893E-04   6.66110E-03   1.00000E+00   3.14840E-02
   8.51850E+02   3.58303E-04   6.78837E-03   1.00000E+00   3.15677E-02
   8.56850E+02   3.77535E-04   6.91661E-03   1.00000E+00   3.16511E-02
   8.61850E+02   3.97616E-04   7.04580E-03   1.00000E+00   3.17340E-02
   8.66850E+02   4.18574E-04   7.17593E-03   1.00000E+00   3.18165E-02
   8.71850E+02   4.40438E-04   7.30699E-03   1.00000E+00   3.18986E-02
   8.76850E+02   4.63238E-04   7.43895E-03   1.00000E+00   3.19802E-02
   8.81850E+02   4.87003E-04   7.57182E-03   1.00000E+00   3.20615E-02
   8.86850E+02   5.11764E-04   7.70556E-03   1.00000E+00   3.21423E-02
   8.91850E+02   5.37552E-04   7.84018E-03   1.00000E+00   3.22228E-02
   8.96850E+02   5.64397E-04   7.97565E-03   1.00000E+00   3.23029E-02
   9.01850E+02   5.92332E-04   8.11197E-03   1.00000E+00   3.23826E-02
   9.06850E+02   6.21390E-04   8.24911E-03   1.00000E+00   3.24620E-02
   9.11850E+02   6.51603E-04   8.38706E-03   1.00000E+00   3.25410E-02
   9.16850E+02   6.83005E-04   8.52582E-03   1.00000E+00   3.26197E-02
   9.21850E+02   7.15629E-04   8.66536E-03   1.00000E+00   3.26980E-02
   9.26850E+02   7.49510E-04   8.80567E-03   1.00000E+00   3.27760E-02
   9.31850E+02   7.84683E-04   8.94675E-03   1.00000E+00   3.28537E-02
   9.36850E+02   8.21183E-04   9.08857E-03   1.00000E+00   3.29310E-02
   9.41850E+02   8.59046E-04   9.23112E-03   1.00000E+00   3.30080E-02
   9.46850E+02   8.98307E-04   9.37439E-03   1.00000E+00   3.30848E-02
   9.51850E+02   9.39004E-04   9.51837E-03   1.00000E+00   3.31612E-02
   9.56850E+02   9.81172E-04   9.66305E-03   1.00000E+00   3.32374E-02
   9.61850E+02   1.02485E-03   9.80840E-03   1.00000E+00   3.33132E-02
   9.66850E+02   1.07007E-03   9.95442E-03   1.00000E+00   3.33888E-02
   9.71850E+02   1.11688E-03   1.01011E-02   1.00000E+00   3.34641E-02
   9.76850E+02   1.16531E-03   1.02484E-02   1.00000E+00   3.35391E-02
   9.81850E+02   1.21540E-03   1.03964E-02   1.00000E+00   3.36139E-02
   9.86850E+02   1.26719E-03   1.05449E-02   1.00000E+00   3.36884E-02
   9.91850E+02   1.32072E-03   1.06941E-02   1.00000E+00   3.37627E-02
   9.96850E+02   1.37603E-03   1.08439E-02   1.00000E+00   3.38367E-02
   1.00185E+03   1.43315E-03   1.09942E-02   1.00000E+00   3.39105E-02
   1.00685E+03   1.49213E-03   1.11451E-02   1.00000E+00   3.39840E-02
   1.01185E+03   1.55300E-03   1.12966E-02   1.00000E+00   3.40573E-02
   1.01685E+03   1.61580E-03   1.14486E-02   1.00000E+00   3.41304E-02
   1.02185E+03   1.68058E-03   1.16012E-02   1.00000E+00   3.42032E-02
   1.02685E+03   1.74738E-03   1.17542E-02   1.00000E+00   3.42759E-02
   1.03185E+03   1.81622E-03   1.19078E-02   1.00000E+00   3.43483E-02
   1.03685E+03   1.88715E-03   1.20619E-02   1.00000E+00   3.44205E-02
   1.04185E+03   1.96022E-03   1.22165E-02   1.00000E+00   3.44925E-02
   1.04685E+03   2.03546E-03   1.23715E-02   1.00000E+00   3.45644E-02
   1.05185E+03   2.11290E-03   1.25270E-02   1.00000E+00   3.46360E-02
   1.05685E+03   2.19259E-03   1.26830E-02   1.00000E+00   3.47074E-02
   1.06185E+03   2.27456E-03   1.28394E-02   1.00000E+00   3.47787E-02
   1.06685E+03   2.35886E-03   1.29963E-02   1.00000E+00   3.48497E-02
   1.07185E+03   2.44552E-03   1.31536E-02   1.00000E+00   3.49206E-02
   1.07685E+03   2.53458E-03   1.33112E-02   1.00000E+00   3.49913E-02
   1.08185E+03   2.62607E-03   1.34693E-02   1.00000E+00   3.50619E-02
   1.08685E+03   2.72003E-03   1.36278E-02   1.00000E+00   3.51322E-02
   1.09185E+03   2.81650E-03   1.37867E-02   1.00000E+00   3.52024E-02
   1.09685E+03   2.91551E-03   1.39459E-02   1.00000E+00   3.52725E-02
   1.10185E+03   3.01710E-03   1.41055E-02   1.00000E+00   3.53424E-02
   1.10685E+03   3.12129E-03   1.42655E-02   1.00000E+00   3.54121E-02
   1.11185E+03   3.22813E-03   1.44258E-02   1.00000E+00   3.54817E-02
   1.11685E+03   3.33764E-03   1.45865E-02   1.00000E+00   3.55511E-02
   1.12185E+03   3.44986E-03   1.47474E-02   1.00000E+00   3.56204E-02
   1.12685E+03   3.56481E-03   1.49087E-02   1.00000E+00   3.56896E-02
   1.13185E+03   3.68253E-03   1.50703E-02   1.00000E+00   3.57586E-02
   1.13685E+03   3.80304E-03   1.52322E-02   1.00000E+00   3.58275E-02
   1.14185E+03   3.92638E-03   1.53944E-02   1.00000E+00   3.58962E-02
   1.14685E+03   4.05256E-03   1.55569E-02   1.00000E+00   3.59649E-02
   1.15185E+03   4.18161E-03   1.57196E-02   1.00000E+00   3.60334E-02
   1.15685E+03   4.31356E-03   1.58826E-02   1.00000E+00   3.61017E-02
   1.15780E+03   4.33903E-03   1.59137E-02   1.00000E+00   3.61147E-02

 Phase Region for:
     LIQUID                        
     FCC_A1                        
     GRAPHITE                      
 col-1=TEMP_C, col-2=W(BCC_A2,C), col-3=W(FCC_A1,C), col-4=W(GRAPHITE,C),
   col-5=W(LIQUID,C),
   1.15780E+03   4.33903E-03   1.59137E-02   1.00000E+00   3.61147E-02
   1.15924E+03   4.19291E-03   1.54685E-02   1.00000E+00   3.54483E-02

 Phase Region for:
     LIQUID                        
     FCC_A1                        
 col-1=TEMP_C, col-2=W(BCC_A2,C), col-3=W(FCC_A1,C), col-4=W(GRAPHITE,C),
   col-5=W(LIQUID,C),
   1.15924E+03   4.19291E-03   1.54685E-02   1.00000E+00   3.54483E-02
   1.16185E+03   4.18735E-03   1.53278E-02   1.00000E+00   3.51851E-02
   1.16369E+03   4.18324E-03   1.52289E-02   1.00000E+00   3.50000E-02

 Phase Region for:
     LIQUID                        
 col-1=TEMP_C, col-2=W(BCC_A2,C), col-3=W(FCC_A1,C), col-4=W(GRAPHITE,C),
   col-5=W(LIQUID,C),
   1.16369E+03   4.18324E-03   1.52289E-02   1.00000E+00   3.50000E-02
   1.16685E+03   4.24769E-03   1.52748E-02   1.00000E+00   3.50000E-02
   1.17185E+03   4.35083E-03   1.53471E-02   1.00000E+00   3.50000E-02
   1.17685E+03   4.45547E-03   1.54192E-02   1.00000E+00   3.50000E-02
   1.18185E+03   4.56159E-03   1.54910E-02   1.00000E+00   3.50000E-02
   1.18685E+03   4.66921E-03   1.55625E-02   1.00000E+00   3.50000E-02
   1.19185E+03   4.77830E-03   1.56338E-02   1.00000E+00   3.50000E-02
   1.19685E+03   4.88886E-03   1.57048E-02   1.00000E+00   3.50000E-02
   1.20185E+03   5.00089E-03   1.57756E-02   1.00000E+00   3.50000E-02
   1.20685E+03   5.11437E-03   1.58460E-02   1.00000E+00   3.50000E-02
   1.21185E+03   5.22929E-03   1.59163E-02   1.00000E+00   3.50000E-02
   1.21685E+03   5.34566E-03   1.59862E-02   1.00000E+00   3.50000E-02
   1.22185E+03   5.46344E-03   1.60559E-02   1.00000E+00   3.50000E-02
   1.22685E+03   5.58264E-03   1.61254E-02   1.00000E+00   3.50000E-02

 Phase Region for:
     BCC_A2                        
     GRAPHITE                      
 col-1=TEMP_C, col-2=W(BCC_A2,C), col-3=W(FCC_A1,C), col-4=W(GRAPHITE,C),
   col-5=W(LIQUID,C),
   7.26850E+02   9.51556E-05   4.33025E-03   1.00000E+00   3.15171E-02
   7.21850E+02   8.88725E-05   4.20841E-03   1.00000E+00   3.14336E-02
   7.16850E+02   8.29464E-05   4.08860E-03   1.00000E+00   3.13517E-02
   7.11850E+02   7.73608E-05   3.97082E-03   1.00000E+00   3.12713E-02
   7.06850E+02   7.20995E-05   3.85508E-03   1.00000E+00   3.11926E-02
   7.01850E+02   6.71470E-05   3.74136E-03   1.00000E+00   3.11156E-02
   6.96850E+02   6.24886E-05   3.62966E-03   1.00000E+00   3.10402E-02
   6.91850E+02   5.81097E-05   3.51999E-03   1.00000E+00   3.09664E-02
   6.86850E+02   5.39964E-05   3.41233E-03   1.00000E+00   3.08943E-02
   6.81850E+02   5.01356E-05   3.30669E-03   1.00000E+00   3.08239E-02
   6.76850E+02   4.65142E-05   3.20305E-03   1.00000E+00   3.07552E-02
   6.71850E+02   4.31201E-05   3.10141E-03   1.00000E+00   3.06882E-02
   6.66850E+02   3.99412E-05   3.00176E-03   1.00000E+00   3.06230E-02
   6.61850E+02   3.69662E-05   2.90410E-03   1.00000E+00   3.05595E-02
   6.56850E+02   3.41843E-05   2.80842E-03   1.00000E+00   3.04979E-02
   6.51850E+02   3.15849E-05   2.71472E-03   1.00000E+00   3.04382E-02
   6.46850E+02   2.91580E-05   2.62297E-03   1.00000E+00   3.03803E-02
   6.41850E+02   2.68940E-05   2.53317E-03   1.00000E+00   3.03244E-02
   6.36850E+02   2.47837E-05   2.44531E-03   1.00000E+00   3.02705E-02
   6.31850E+02   2.28183E-05   2.35938E-03   1.00000E+00   3.02186E-02
   6.26850E+02   2.09894E-05   2.27537E-03   1.00000E+00   3.01688E-02
   6.21850E+02   1.92891E-05   2.19326E-03   1.00000E+00   3.01211E-02
   6.16850E+02   1.77097E-05   2.11304E-03   1.00000E+00   3.00757E-02
   6.11850E+02   1.62439E-05   2.03470E-03   1.00000E+00   3.00325E-02
   6.06850E+02   1.48847E-05   1.95821E-03   1.00000E+00   2.99916E-02
   6.01850E+02   1.36257E-05   1.88357E-03   1.00000E+00   2.99531E-02
   5.96850E+02   1.24605E-05   1.81075E-03   1.00000E+00   2.99171E-02
   5.91850E+02   1.13831E-05   1.73974E-03   1.00000E+00   2.98837E-02
   5.91850E+02   1.13831E-05   1.73974E-03   1.00000E+00   2.98837E-02
   5.86850E+02   1.03880E-05   1.67052E-03   1.00000E+00   2.98529E-02
   5.81850E+02   9.46966E-06   1.60306E-03   1.00000E+00   2.98249E-02
   5.76850E+02   8.62314E-06   1.53735E-03   1.00000E+00   2.97996E-02
   5.71850E+02   7.84360E-06   1.47337E-03   1.00000E+00   2.97773E-02
   5.66850E+02   7.12648E-06   1.41108E-03   1.00000E+00   2.97580E-02
   5.61850E+02   6.46749E-06   1.35047E-03   1.00000E+00   2.97418E-02
   5.56850E+02   5.86258E-06   1.29151E-03   1.00000E+00   2.97289E-02
   5.51850E+02   5.30793E-06   1.23417E-03   1.00000E+00   2.97193E-02
   5.46850E+02   4.79992E-06   1.17843E-03   1.00000E+00   2.97132E-02
   5.41850E+02   4.33519E-06   1.12425E-03   1.00000E+00   2.97107E-02
   5.36850E+02   3.91053E-06   1.07160E-03   1.00000E+00   2.97119E-02
   5.31850E+02   3.52295E-06   1.02045E-03   1.00000E+00   2.97169E-02
   5.26850E+02   3.16965E-06   9.70762E-04   1.00000E+00   2.97260E-02
   5.21850E+02   2.84800E-06   9.22493E-04   1.00000E+00   2.97392E-02
   5.16850E+02   2.55552E-06   8.75601E-04   1.00000E+00   2.97567E-02
   5.11850E+02   2.28991E-06   8.30037E-04   1.00000E+00   2.97786E-02
   5.06850E+02   2.04903E-06   7.85748E-04   1.00000E+00   2.98051E-02
   5.01850E+02   1.83086E-06   7.42671E-04   1.00000E+00   2.98364E-02
   4.96850E+02   1.63353E-06   7.00734E-04   1.00000E+00   2.98726E-02
   4.91850E+02   1.45530E-06   6.59848E-04   1.00000E+00   2.99139E-02
   4.86850E+02   1.29454E-06   6.19906E-04   1.00000E+00   2.99605E-02
   4.81850E+02   1.14976E-06   5.80765E-04   1.00000E+00   3.00125E-02
   4.76850E+02   1.01956E-06   5.42229E-04   1.00000E+00   3.00700E-02
   4.71850E+02   9.02645E-07   5.04012E-04   1.00000E+00   3.01333E-02
   4.66850E+02   7.97824E-07   4.65650E-04   1.00000E+00   3.02026E-02
   4.61850E+02   7.03993E-07   4.26282E-04   1.00000E+00   3.02779E-02
   4.56850E+02   6.20133E-07   3.83902E-04   1.00000E+00   3.03595E-02
   4.51850E+02   5.45309E-07   3.30150E-04   1.00000E+00   3.04474E-02
   4.46850E+02   4.78657E-07   2.87028E-04   1.00000E+00   3.05419E-02
   4.41850E+02   4.19387E-07   6.08734E-05   1.00000E+00   3.06429E-02
   4.36850E+02   3.66773E-07   4.26269E-04   1.00000E+00   3.07508E-02
   4.31850E+02   3.20150E-07   1.28716E-05   1.00000E+00   3.08654E-02
   4.26850E+02   2.78912E-07   4.59617E-04   1.00000E+00   3.09869E-02
   4.21850E+02   2.42505E-07   1.57828E-04   1.00000E+00   3.11153E-02
   4.16850E+02   2.10422E-07   1.56960E-04   1.00000E+00   3.12506E-02
   4.11850E+02   1.82207E-07   3.62842E-04   1.00000E+00   3.13926E-02
   4.06850E+02   1.57441E-07   8.52613E-06   1.00000E+00   3.15413E-02
   4.01850E+02   1.35748E-07   2.33858E-04   1.00000E+00   3.16965E-02
   3.96850E+02   1.16785E-07   3.22407E-04   1.00000E+00   3.18578E-02
   3.91850E+02   1.00243E-07   1.47270E-04   1.00000E+00   3.20250E-02
   3.86850E+02   8.58464E-08   2.30536E-04   1.00000E+00   3.21976E-02
   3.81850E+02   7.33433E-08   2.57832E-04   1.00000E+00   3.23749E-02
   3.76850E+02   6.25097E-08   2.58989E-04   1.00000E+00   3.25562E-02
   3.71850E+02   5.31446E-08   2.49544E-04   1.00000E+00   3.27405E-02
   3.66850E+02   4.50681E-08   5.34031E-06   1.00000E+00   3.29268E-02
   3.61850E+02   3.81199E-08   1.04076E-07   1.00000E+00   3.31136E-02
   3.56850E+02   3.21574E-08   8.61608E-10   1.00000E+00   3.32990E-02
   3.51850E+02   2.70538E-08   1.41088E-04   1.00000E+00   3.34810E-02
   3.46850E+02   2.26968E-08   2.85903E-05   1.00000E+00   3.36566E-02
   3.41850E+02   1.89873E-08   1.70332E-04   1.00000E+00   3.38222E-02
   3.36850E+02   1.58376E-08   2.41589E-05   1.00000E+00   3.39728E-02
   3.31850E+02   1.31709E-08   1.50056E-04   1.00000E+00   3.41013E-02
   3.26850E+02   1.09196E-08   2.05330E-05   1.00000E+00   3.41968E-02
   3.21850E+02   9.02464E-09   1.31765E-04   1.00000E+00   3.42403E-02
   3.16850E+02   7.43448E-09   1.23911E-04   1.00000E+00   3.41909E-02
   3.11850E+02   6.10425E-09   1.16145E-04   1.00000E+00   3.39076E-02
   3.06850E+02   4.99503E-09   1.56326E-05   1.00000E+00   3.81250E-02
   3.01850E+02   4.07314E-09   1.00794E-04   1.00000E+00   3.79118E-02
   2.96850E+02   3.30953E-09   9.58116E-05   1.00000E+00   3.97089E-02
   2.91850E+02   2.67922E-09   8.91016E-05   1.00000E+00   2.88835E-02
   2.86850E+02   2.16079E-09   7.59432E-05   1.00000E+00   3.95586E-02
   2.81850E+02   1.73593E-09   7.33074E-05   1.00000E+00   3.08171E-06
   2.76850E+02   1.38907E-09   6.97935E-05   1.00000E+00   4.11551E-02
   2.71850E+02   1.10698E-09   6.18056E-05   1.00000E+00   3.94142E-02
   2.66850E+02   8.78481E-10   2.24932E-05   1.00000E+00   4.11258E-02
   2.61850E+02   6.94140E-10   5.71761E-05   1.00000E+00   4.20437E-02
   2.56850E+02   5.46049E-10   6.62532E-06   1.00000E+00   4.24700E-02
   2.51850E+02   4.27594E-10   5.29315E-05   1.00000E+00   4.13517E-02
   2.46850E+02   3.33265E-10   5.03540E-05   1.00000E+00   4.29275E-02
   2.41850E+02   2.58491E-10   2.49617E-05   1.00000E+00   4.33461E-02
   2.36850E+02   1.99498E-10   9.89536E-06   1.00000E+00   3.22175E-02
   2.31850E+02   1.53181E-10   2.29357E-05   1.00000E+00   4.38693E-02
   2.26850E+02   1.16997E-10   1.22110E-05   1.00000E+00   3.99304E-02
   2.21850E+02   8.88754E-11   3.25884E-05   1.00000E+00   4.27152E-02
   2.16850E+02   6.71355E-11   3.23385E-05   1.00000E+00   4.39778E-02
   2.11850E+02   5.04210E-11   3.96734E-05   1.00000E+00   4.47790E-02
   2.06850E+02   3.76426E-11   2.17591E-05   1.00000E+00   1.54800E-08
   2.01850E+02   2.79303E-11   2.69474E-05   1.00000E+00   4.69292E-11
   1.96850E+02   2.05928E-11   8.21318E-05   1.00000E+00   3.78991E-02
   1.91850E+02   1.50837E-11   2.17701E-05   1.00000E+00   5.30916E-03
   1.86850E+02   1.09739E-11   2.17850E-05   1.00000E+00   3.27714E-02
   1.86108E+02   1.04616E-11   1.83984E-05   1.00000E+00   4.60436E-02

 Phase Region for:
     BCC_A2                        
     CEMENTITE                     
     GRAPHITE                      
 col-1=TEMP_C, col-2=W(BCC_A2,C), col-3=W(FCC_A1,C), col-4=W(GRAPHITE,C),
   col-5=W(LIQUID,C),
   1.86108E+02   1.04616E-11   2.06484E-05   1.00000E+00   4.56914E-02
   1.81850E+02   7.91112E-12   1.96550E-05   1.00000E+00   4.35309E-02
   1.76850E+02   5.66015E-12   1.69579E-05   1.00000E+00   4.54429E-02
   1.71850E+02   4.01969E-12   8.13175E-05   1.00000E+00   5.14603E-06
   1.66850E+02   2.83284E-12   1.24991E-05   1.00000E+00   1.05476E-06
   1.61850E+02   1.98062E-12   1.12732E-05   1.00000E+00   4.64736E-02
   1.56850E+02   1.37343E-12   9.76037E-06   1.00000E+00   4.60329E-02
   1.51850E+02   9.44315E-13   8.41865E-06   1.00000E+00   3.53172E-11
   1.46850E+02   6.43569E-13   2.56827E-05   1.00000E+00   4.65829E-02
   1.41850E+02   4.34615E-13   1.52333E-05   1.00000E+00   4.57086E-02
   1.36850E+02   2.90735E-13   3.56958E-05   1.00000E+00   4.60591E-02
   1.31850E+02   1.92585E-13   4.47369E-06   1.00000E+00   4.62965E-02
   1.26850E+02   1.26275E-13   3.77837E-06   1.00000E+00   5.56962E-02
   1.21850E+02   8.19244E-14   3.19954E-06   1.00000E+00   4.64026E-02
   1.16850E+02   5.25694E-14   3.70821E-06   1.00000E+00   4.64550E-02
   1.11850E+02   3.33494E-14   2.16558E-06   1.00000E+00   4.64906E-02
   1.06850E+02   2.09066E-14   1.31136E-05   1.00000E+00   8.31570E-10
   1.01850E+02   1.32288E-14   1.09725E-05   1.00000E+00   3.44026E-02
   9.68500E+01   1.32288E-14   9.13874E-06   1.00000E+00   4.43836E-02
   9.18500E+01   1.32288E-14   1.00375E-06   1.00000E+00   4.64626E-02
   8.68500E+01   1.32288E-14   8.11956E-07   1.00000E+00   4.66606E-02
   8.18500E+01   1.32288E-14   6.44546E-07   1.00000E+00   4.67537E-02
   7.68500E+01   1.32288E-14   5.23946E-06   1.00000E+00   4.68003E-02
   7.18500E+01   1.32288E-14   4.12511E-07   1.00000E+00   4.68402E-02
   6.68500E+01   1.32288E-14   3.55651E-06   1.00000E+00   4.62665E-11
   6.18500E+01   1.32288E-14   2.73062E-10   1.00000E+00   3.56608E-02
   5.68500E+01   1.32288E-14   1.96502E-07   1.00000E+00   4.39099E-02
   5.18500E+01   1.32288E-14   1.74472E-07   1.00000E+00   2.84904E-02
   4.68500E+01   1.32288E-14   9.45106E-07   1.00000E+00   4.62013E-02
   4.18500E+01   1.32288E-14   8.61107E-08   1.00000E+00   4.66415E-02
   3.68500E+01   1.32288E-14   6.47965E-08   1.00000E+00   4.71101E-02
   3.18500E+01   1.32288E-14   7.64051E-07   1.00000E+00   4.71326E-02
   2.68500E+01   1.32288E-14   3.51023E-08   1.00000E+00   4.71666E-02
   2.18500E+01   1.32288E-14   2.54179E-08   1.00000E+00   4.72003E-02
   1.68500E+01   1.32288E-14   1.80899E-08   1.00000E+00   4.72411E-02
   1.18500E+01   1.32288E-14   1.72961E-07   1.00000E+00   4.02922E-02
   6.85000E+00   1.32288E-14   2.84350E-13   1.00000E+00   3.68635E-11
   1.85000E+00   1.32288E-14   6.10127E-09   1.00000E+00   3.79430E-02
  -3.15000E+00   1.32288E-14   4.19204E-09   1.00000E+00   4.16342E-02
  -8.15000E+00   1.32288E-14   2.81021E-09   1.00000E+00   1.11169E-02
  -1.31500E+01   1.32288E-14   1.42492E-09   1.00000E+00   4.03302E-02
  -1.81500E+01   1.32288E-14   1.40387E-08   1.00000E+00   4.29855E-02
  -2.31500E+01   1.32288E-14   1.17239E-07   1.00000E+00   4.08185E-02
  -2.81500E+01   1.32288E-14   6.36552E-08   1.00000E+00   2.28762E-10
  -3.31500E+01   1.32288E-14   7.53504E-14   1.00000E+00   2.98494E-02
  -3.81500E+01   1.32288E-14   4.02408E-09   1.00000E+00   4.75650E-02
  -4.31500E+01   1.32288E-14   3.06409E-14   1.00000E+00   4.67778E-02
  -4.81500E+01   1.32288E-14   1.78215E-08   1.00000E+00   4.74876E-02
  -5.31500E+01   1.32288E-14   9.11437E-12   1.00000E+00   4.75083E-02
  -5.81500E+01   1.32288E-14   4.30296E-15   1.00000E+00   4.76746E-02
  -6.31500E+01   1.32288E-14   4.09937E-13   1.00000E+00   4.76988E-02
  -6.81500E+01   1.32288E-14   1.01110E-09   1.00000E+00   4.77276E-02
  -7.31499E+01   1.32288E-14   4.66238E-14   1.00000E+00   4.77537E-02
